SOLL: 2.4859 0.110426 4.94995
QOLhat: -0.544024 0.44991 0.442475 0.553023
-0.146542 -0.0056323 0.00690498 -0.513025 0.486236 0.482865 0.516934
-0.1823 -0.00646558 0.00903497 -0.508311 0.491169 0.488489 0.511617
-0.206905 -0.00703035 0.0105144 -0.505282 0.494284 0.492036 0.508206
-0.231877 -0.00760448 0.0120149 -0.502369 0.497247 0.495401 0.504925
-0.257015 -0.00818913 0.0135145 -0.49959 0.500045 0.49857 0.501789
-0.30705 -0.00939196 0.0164303 -0.494504 0.505117 0.504275 0.496014
-0.331608 -0.0100097 0.0178111 -0.492224 0.507376 0.506796 0.4934
-0.379052 -0.0112719 0.0203468 -0.488241 0.511323 0.511152 0.488766
-0.379052 -0.0112719 0.0203468 -0.488241 0.511323 0.511152 0.488766
-0.423423 -0.0125556 0.0225156 -0.485069 0.514496 0.514596 0.484967
-0.44419 -0.0131983 0.0234473 -0.483792 0.515794 0.515982 0.483388
-0.468646 -0.0139952 0.0244645 -0.482485 0.517149 0.51741 0.481717
-0.499851 -0.0150852 0.0256171 -0.481178 0.518564 0.518867 0.479933
-0.515999 -0.015687 0.0261397 -0.480693 0.51913 0.519431 0.479197
-0.530878 -0.0162681 0.02657 -0.480387 0.519527 0.519812 0.478659
-0.547659 -0.0169593 0.0269884 -0.480243 0.519798 0.520047 0.478254
-0.565108 -0.017727 0.0273354 -0.48039 0.519814 0.520005 0.478135
-0.581776 -0.0185229 0.0275621 -0.480948 0.519447 0.519562 0.478455
-0.58955 -0.0189237 0.0276222 -0.481425 0.519073 0.519144 0.478834
-0.596083 -0.0192823 0.0276424 -0.482003 0.518593 0.518622 0.47934
-0.601411 -0.0195971 0.0276305 -0.482667 0.518017 0.518007 0.479959
-0.605575 -0.0198667 0.0275939 -0.483406 0.517355 0.517312 0.480678
-0.610596 -0.0202682 0.0274729 -0.48507 0.515811 0.515718 0.482371
-0.611558 -0.0204 0.0273999 -0.485974 0.514947 0.514838 0.483322
-0.611423 -0.0205012 0.0273063 -0.487156 0.513797 0.513679 0.484588
-0.610675 -0.0205289 0.0272518 -0.487886 0.513076 0.512958 0.48538
-0.606462 -0.020487 0.027123 -0.489878 0.511072 0.510971 0.487579
-0.60327 -0.0204067 0.0270714 -0.490885 0.510041 0.509958 0.488706
-0.599443 -0.0202898 0.0270299 -0.491889 0.509001 0.50894 0.48984
-0.595049 -0.020139 0.0269991 -0.492884 0.507959 0.507926 0.490973
-0.586193 -0.0198018 0.0269709 -0.494584 0.506157 0.506178 0.492926
-0.580579 -0.0195723 0.0269685 -0.495523 0.505149 0.505205 0.494014
-0.574644 -0.0193198 0.0269749 -0.496432 0.504166 0.504257 0.495073
-0.56043 -0.018683 0.0270152 -0.498346 0.502072 0.50224 0.497322
-0.553865 -0.0183765 0.0270413 -0.49913 0.501205 0.501406 0.498252
-0.547227 -0.0180596 0.0270703 -0.49987 0.500382 0.500614 0.499133
-0.540565 -0.0177351 0.0271008 -0.500564 0.499607 0.499867 0.499962
-0.527361 -0.0170737 0.0271608 -0.501803 0.498212 0.49852 0.501455
-0.520904 -0.0167416 0.0271877 -0.502347 0.497595 0.497922 0.502116
-0.514597 -0.0164114 0.0272113 -0.50284 0.497034 0.497377 0.502718
-0.506976 -0.0160045 0.0272346 -0.503384 0.496412 0.49677 0.503388
-0.502565 -0.0157647 0.0272448 -0.503673 0.496081 0.496445 0.503746
-0.491497 -0.015147 0.0272565 -0.504304 0.495352 0.495725 0.50454
-0.486382 -0.0148525 0.0272534 -0.504547 0.49507 0.495442 0.504852
-0.481572 -0.014569 0.0272443 -0.504743 0.49484 0.495209 0.505109
-0.478709 -0.0142971 0.027247 -0.487787 0.511565 0.511262 0.488852
-0.469594 -0.0138036 0.027356 -0.444881 0.550029 0.547082 0.447494
-0.459217 -0.0135623 0.0269867 -0.437895 0.555905 0.551969 0.441075
-0.445011 -0.0133221 0.0263158 -0.433934 0.559251 0.55453 0.437534
-0.404577 -0.0128368 0.0241605 -0.432999 0.560325 0.554582 0.437021
-0.378351 -0.012585 0.0227891 -0.435382 0.558571 0.552556 0.439458
-0.340233 -0.0122537 0.0209605 -0.440216 0.554811 0.548658 0.444262
-0.314705 -0.0120435 0.0198657 -0.443819 0.551917 0.545782 0.447811
-0.248245 -0.0115126 0.0175201 -0.453512 0.543835 0.537992 0.457314
-0.206494 -0.0111818 0.0164032 -0.459536 0.538609 0.533061 0.46322
-0.151151 -0.010741 0.0153085 -0.467281 0.531668 0.526583 0.470838
-0.0811217 -0.0101785 0.0144831 -0.476596 0.522987 0.518536 0.480064
0.00389129 -0.00949388 0.0141895 -0.487115 0.51274 0.509048 0.490598
0.0533208 -0.00910018 0.0143135 -0.492826 0.506976 0.50369 0.496381
0.102906 -0.0087129 0.014616 -0.498255 0.501364 0.498447 0.501923
0.152297 -0.00833894 0.0150635 -0.503362 0.495965 0.493368 0.507182
0.249191 -0.00765767 0.0162474 -0.512506 0.48601 0.483883 0.51671
0.249191 -0.00765767 0.0162474 -0.512506 0.48601 0.483883 0.51671
0.341621 -0.00710414 0.0175773 -0.520122 0.477451 0.475553 0.524751
0.385523 -0.00688664 0.0182163 -0.523344 0.473768 0.471899 0.528173
0.467648 -0.0065835 0.0193183 -0.528626 0.467679 0.465726 0.533788
0.505526 -0.00649974 0.019747 -0.530701 0.465288 0.463234 0.535983
0.541095 -0.00646056 0.0200804 -0.532414 0.463331 0.461148 0.537775
0.574247 -0.00646422 0.0203148 -0.533777 0.461801 0.459468 0.539176
0.658474 -0.00670206 0.0204541 -0.535908 0.459632 0.4568 0.54118
0.686659 -0.00688318 0.0203032 -0.536003 0.459705 0.456677 0.541127
0.69679 -0.00696599 0.0202172 -0.535923 0.459877 0.456777 0.540975
0.737816 -0.00744396 0.0196491 -0.534629 0.461785 0.458413 0.539244
0.761531 -0.00792539 0.0190836 -0.532413 0.464674 0.461214 0.53656
0.763432 -0.00797995 0.0190249 -0.532115 0.465048 0.461588 0.536209
0.773665 -0.00841452 0.0186246 -0.529428 0.468345 0.464956 0.533081
0.775636 -0.00862701 0.0184855 -0.527901 0.470162 0.466852 0.531335
0.775659 -0.00883416 0.0183968 -0.526272 0.472067 0.46886 0.52949
0.773855 -0.00903494 0.0183633 -0.524555 0.474042 0.470961 0.527562
0.76527 -0.00941533 0.0184722 -0.520912 0.478133 0.47536 0.523519
0.758752 -0.00959489 0.0186155 -0.519017 0.480216 0.477617 0.521436
0.741945 -0.009935 0.0190702 -0.515152 0.484382 0.482158 0.51722
0.721014 -0.0102553 0.0197205 -0.511286 0.488453 0.486619 0.513033
0.709339 -0.0104106 0.0201045 -0.509387 0.490422 0.488782 0.510982
0.693872 -0.0106024 0.0206261 -0.507069 0.492801 0.491397 0.508485
0.657563 -0.0110239 0.0218688 -0.502299 0.497629 0.496701 0.503339
0.643947 -0.0111796 0.0223304 -0.500707 0.499223 0.498449 0.501615
0.630281 -0.0113376 0.0227863 -0.499203 0.500723 0.50009 0.499983
0.599856 -0.0117021 0.023761 -0.496179 0.503728 0.503368 0.496674
0.589946 -0.0118264 0.0240625 -0.495288 0.504612 0.504328 0.49569
0.564443 -0.012163 0.0247919 -0.493214 0.506675 0.50656 0.493373
0.529619 -0.0126716 0.0256493 -0.490936 0.508965 0.509017 0.490753
0.516605 -0.0128795 0.0259175 -0.490277 0.509641 0.509736 0.489963
0.509266 -0.0130017 0.0260536 -0.48996 0.509972 0.510087 0.489571
0.483676 -0.0134598 0.0264248 -0.489246 0.51076 0.510916 0.488597
0.464365 -0.0138447 0.0265611 -0.489316 0.510781 0.510939 0.488481
0.45499 -0.0140471 0.0265555 -0.48972 0.510436 0.510585 0.488807
0.447659 -0.0142145 0.0264872 -0.490441 0.509772 0.509907 0.489484
0.442787 -0.0143316 0.026339 -0.491727 0.508537 0.508655 0.49078
0.442298 -0.0143435 0.0262832 -0.492216 0.508058 0.508172 0.491286
0.442409 -0.0143397 0.0262128 -0.492856 0.507423 0.507535 0.491958
0.445175 -0.0142627 0.026065 -0.494338 0.505933 0.506045 0.493538
0.44693 -0.0142131 0.026016 -0.494889 0.505373 0.505487 0.494131
0.451434 -0.0140838 0.0259279 -0.495984 0.504249 0.50437 0.495322
0.454111 -0.0140057 0.0258891 -0.496522 0.503693 0.503818 0.49591
0.457022 -0.0139199 0.0258536 -0.497049 0.503145 0.503274 0.496489
0.460134 -0.0138272 0.0258212 -0.497563 0.50261 0.502743 0.497055
0.463413 -0.0137286 0.0257918 -0.49806 0.502089 0.502227 0.497605
0.474824 -0.0133784 0.0257112 -0.499537 0.500531 0.50068 0.49925
0.478455 -0.0132649 0.0256895 -0.499943 0.500101 0.500252 0.499704
0.486614 -0.0130058 0.0256426 -0.500759 0.499231 0.499384 0.500623
0.489293 -0.0129195 0.025627 -0.501001 0.498973 0.499126 0.500897
0.49624 -0.0126925 0.0255839 -0.501569 0.498365 0.498514 0.501543
0.500385 -0.0125545 0.0255552 -0.501867 0.498045 0.49819 0.501884
0.503565 -0.0124471 0.0255308 -0.502074 0.497822 0.497964 0.502122
0.50661 -0.0123427 0.0255051 -0.502254 0.497629 0.497766 0.502331
0.518268 -0.0120585 0.0256908 -0.537187 0.459852 0.460084 0.536925
0.518942 -0.0119101 0.0257065 -0.55548 0.437228 0.434669 0.557975
0.503732 -0.0116865 0.0243838 -0.560506 0.429775 0.424713 0.566344
0.489393 -0.0115587 0.0231778 -0.560364 0.429596 0.423488 0.567536
0.470499 -0.0114204 0.0216726 -0.558849 0.431365 0.424296 0.567084
0.440635 -0.0112283 0.0195019 -0.555433 0.435748 0.427611 0.564594
0.343269 -0.0106211 0.0141167 -0.543045 0.451782 0.442094 0.552764
0.303881 -0.0103555 0.0125803 -0.538133 0.457921 0.448118 0.547642
0.261655 -0.0100539 0.0112813 -0.532982 0.46418 0.454467 0.54215
0.122053 -0.00894916 0.0090981 -0.516707 0.48271 0.474314 0.524434
0.0223557 -0.00809331 0.00907849 -0.505731 0.494195 0.48728 0.512412
-0.129249 -0.0067794 0.0106963 -0.490146 0.509285 0.504942 0.495398
-0.275042 -0.00563049 0.0133149 -0.476782 0.521285 0.519405 0.48079
-0.320981 -0.00531885 0.0142196 -0.473008 0.524548 0.523397 0.476621
-0.365186 -0.00505225 0.015083 -0.469622 0.527438 0.526958 0.472843
-0.407456 -0.00483451 0.015879 -0.466645 0.529956 0.530083 0.46947
-0.521012 -0.0044933 0.0176888 -0.460265 0.535337 0.536893 0.461862
-0.554029 -0.00448345 0.0180711 -0.458989 0.536437 0.538342 0.460166
-0.612318 -0.00460739 0.0185094 -0.457653 0.53767 0.540101 0.457992
-0.64339 -0.00477152 0.0185868 -0.457585 0.53783 0.540483 0.457419
-0.660042 -0.00489752 0.018573 -0.457804 0.537718 0.54047 0.457348
-0.684495 -0.00514659 0.0184702 -0.458558 0.537214 0.540077 0.457649
-0.70848 -0.00549766 0.0182546 -0.460018 0.536142 0.539067 0.458631
-0.718334 -0.00568966 0.0181251 -0.46094 0.535439 0.53837 0.459344
-0.729319 -0.00595833 0.017945 -0.462339 0.534348 0.537267 0.460499
-0.737918 -0.00623763 0.0177693 -0.463906 0.533099 0.535985 0.461862
-0.744222 -0.00652377 0.017611 -0.465618 0.531708 0.534547 0.463407
-0.750359 -0.00710395 0.0173897 -0.469388 0.528562 0.531274 0.466952
-0.748626 -0.00767873 0.0173477 -0.473494 0.525025 0.527586 0.470961
-0.73347 -0.00850489 0.0176917 -0.479973 0.519237 0.521558 0.477489
-0.71656 -0.0090249 0.0181935 -0.484313 0.515234 0.517388 0.48196
-0.695489 -0.00952131 0.0188823 -0.488531 0.511254 0.513231 0.486365
-0.683733 -0.00976188 0.0192831 -0.490563 0.509307 0.511191 0.488505
-0.668156 -0.0100567 0.0198237 -0.49301 0.50694 0.508701 0.491097
-0.658435 -0.0102309 0.0201637 -0.494422 0.505564 0.507247 0.492598
-0.641776 -0.0105175 0.0207468 -0.496668 0.503358 0.504905 0.494997
-0.621309 -0.0108566 0.0214564 -0.499173 0.500878 0.50225 0.497686
-0.610988 -0.0110244 0.0218085 -0.500342 0.499714 0.500995 0.498946
-0.583581 -0.0114671 0.0227146 -0.503172 0.496885 0.497909 0.502007
-0.570112 -0.0116855 0.0231398 -0.504423 0.495628 0.496519 0.503367
-0.556913 -0.0119017 0.0235406 -0.505565 0.494482 0.495238 0.50461
-0.519644 -0.0125308 0.0245651 -0.508321 0.491719 0.492066 0.507634
-0.494702 -0.0129735 0.0251383 -0.509746 0.490309 0.490362 0.509216
-0.487065 -0.0131134 0.0252913 -0.510103 0.48996 0.489921 0.509618
-0.468496 -0.0134627 0.0256108 -0.510783 0.489312 0.489044 0.510402
-0.452671 -0.0137708 0.0258119 -0.511093 0.489043 0.488578 0.510796
-0.445817 -0.0139069 0.0258736 -0.511121 0.489038 0.488488 0.510859
-0.432985 -0.0141644 0.0259343 -0.510907 0.489304 0.4886 0.510711
-0.427384 -0.0142761 0.02593 -0.51064 0.489596 0.48883 0.510477
-0.424534 -0.0143319 0.0259173 -0.510436 0.489814 0.489019 0.510291
-0.419324 -0.0144287 0.0258647 -0.509848 0.49043 0.489588 0.509741
-0.417217 -0.0144629 0.0258241 -0.50945 0.49084 0.489985 0.509364
-0.415711 -0.0144818 0.0257783 -0.509013 0.491285 0.490426 0.508947
-0.414632 -0.0144845 0.0257167 -0.50842 0.491883 0.491031 0.508378
-0.414513 -0.0144506 0.0256276 -0.507522 0.492779 0.491957 0.507512
-0.415335 -0.0144011 0.0255652 -0.506844 0.493449 0.49266 0.506856
-0.417611 -0.0142992 0.0254833 -0.505862 0.494411 0.493682 0.505905
-0.421598 -0.014142 0.0254008 -0.504721 0.495517 0.494873 0.504798
-0.42406 -0.0140492 0.0253645 -0.504153 0.496064 0.495466 0.504246
-0.426785 -0.0139485 0.0253317 -0.503591 0.496602 0.496054 0.503699
-0.430509 -0.0138129 0.0252953 -0.502904 0.497258 0.496773 0.50303
-0.439627 -0.0134862 0.0252305 -0.501476 0.498612 0.498267 0.501634
-0.443155 -0.013361 0.025211 -0.500994 0.499067 0.498772 0.501162
-0.446748 -0.0132338 0.025193 -0.500535 0.499499 0.499253 0.500711
-0.454014 -0.0129774 0.0251596 -0.499694 0.500288 0.500136 0.499882
-0.457634 -0.0128498 0.0251435 -0.499315 0.500643 0.500535 0.499506
-0.4621 -0.0126924 0.025123 -0.498881 0.501049 0.500991 0.499074
-0.467314 -0.0125082 0.0250972 -0.498422 0.501478 0.501477 0.498615
-0.474712 -0.0122459 0.0250541 -0.497859 0.502003 0.502075 0.498046
-0.478543 -0.012109 0.0250272 -0.497611 0.502235 0.502341 0.497792
-0.480733 -0.0120303 0.0250099 -0.497485 0.502353 0.502478 0.497661
-0.483515 -0.0119296 0.0249855 -0.49734 0.502488 0.502635 0.49751
-0.4827 -0.0118401 0.025154 -0.532397 0.465368 0.46585 0.531949
-0.492402 -0.0116637 0.0251339 -0.552537 0.441032 0.438957 0.554536
-0.503098 -0.0115569 0.0246768 -0.5557 0.436652 0.433496 0.559119
-0.517895 -0.0114415 0.0238952 -0.556874 0.434795 0.430684 0.561566
-0.542298 -0.0112869 0.0225022 -0.55612 0.435456 0.430268 0.562119
-0.573196 -0.0111197 0.020758 -0.553366 0.438863 0.432706 0.560313
-0.594728 -0.0110108 0.019612 -0.550996 0.441882 0.435215 0.558329
-0.626721 -0.0108514 0.0180495 -0.547228 0.44669 0.439458 0.554875
-0.671565 -0.0106227 0.0161627 -0.541805 0.453525 0.445815 0.549555
-0.700809 -0.0104668 0.0151219 -0.538272 0.457894 0.450032 0.545956
-0.831787 -0.00968662 0.0121171 -0.522864 0.475995 0.468511 0.52966
-0.879176 -0.00937374 0.0116083 -0.517487 0.481936 0.474878 0.523866
-0.977158 -0.00869042 0.011334 -0.506721 0.493271 0.48738 0.512228
-1.0893 -0.00788015 0.0120235 -0.495046 0.504793 0.5005 0.499613
-1.12646 -0.0076132 0.0124271 -0.491353 0.508287 0.50455 0.495627
-1.22353 -0.00694133 0.013754 -0.482204 0.516665 0.514383 0.485743
-1.27042 -0.00663942 0.0144836 -0.478086 0.52032 0.518725 0.481276
-1.31587 -0.00636778 0.0152112 -0.474317 0.523608 0.522659 0.477164
-1.35964 -0.00613103 0.0159072 -0.470925 0.526529 0.526176 0.47343
-1.41169 -0.00588947 0.0166954 -0.467244 0.529663 0.529981 0.469317
-1.51431 -0.0055875 0.0179612 -0.461431 0.534586 0.536071 0.462522
-1.54719 -0.00555642 0.018237 -0.460098 0.53573 0.537536 0.460823
-1.60534 -0.00561111 0.0184969 -0.458629 0.537054 0.539349 0.458624
-1.65835 -0.00583267 0.0183953 -0.458723 0.537135 0.539764 0.457945
-1.69445 -0.00613689 0.0180693 -0.460122 0.536125 0.538892 0.458752
-1.72991 -0.00670781 0.0174387 -0.463931 0.533119 0.535895 0.461919
-1.74196 -0.00712374 0.0170848 -0.467278 0.53035 0.533049 0.465014
-1.74479 -0.00733424 0.0169607 -0.469126 0.528784 0.53143 0.466786
-1.74463 -0.00775155 0.0168552 -0.473077 0.52536 0.527885 0.470672
-1.74093 -0.00800674 0.0168989 -0.475668 0.523063 0.525506 0.473274
-1.7375 -0.00815718 0.0169678 -0.47725 0.521641 0.524034 0.47488
-1.73165 -0.00835451 0.0171097 -0.479378 0.519708 0.522033 0.477055
-1.71603 -0.00873874 0.0175583 -0.483637 0.51577 0.517952 0.481458
-1.6961 -0.00911247 0.0182019 -0.487803 0.511835 0.513863 0.485817
-1.67294 -0.00948152 0.0189965 -0.491776 0.508012 0.509869 0.490015
-1.66046 -0.00966627 0.0194338 -0.493664 0.506174 0.507937 0.492021
-1.64755 -0.00985214 0.0198883 -0.495474 0.504399 0.506063 0.493951
-1.63434 -0.0100397 0.0203526 -0.497198 0.502698 0.504256 0.495796
-1.60741 -0.0104217 0.0212835 -0.500368 0.499552 0.500879 0.499199
-1.59391 -0.0106166 0.0217373 -0.501803 0.49812 0.499324 0.500745
-1.56405 -0.0110636 0.0226946 -0.504646 0.495277 0.496187 0.503817
-1.52663 -0.0116705 0.0237685 -0.507583 0.492347 0.492849 0.507004
-1.51789 -0.0118219 0.0239934 -0.508165 0.491772 0.492171 0.507638
-1.5067 -0.0120221 0.0242644 -0.508848 0.4911 0.491365 0.508385
-1.49608 -0.0122194 0.024502 -0.509426 0.490536 0.490671 0.509019
-1.47666 -0.0126002 0.0248793 -0.510282 0.489722 0.48961 0.509968
-1.45987 -0.0129541 0.0251344 -0.510759 0.489297 0.488967 0.510515
-1.44584 -0.0132711 0.0252827 -0.510891 0.489223 0.488708 0.510701
-1.43986 -0.0134131 0.0253229 -0.51084 0.489304 0.488711 0.510672
-1.43458 -0.0135427 0.0253438 -0.510718 0.489455 0.488795 0.510569
-1.42999 -0.0136592 0.0253482 -0.510531 0.48967 0.488952 0.5104
-1.42016 -0.0139242 0.0252874 -0.509635 0.490634 0.489807 0.509548
-1.41815 -0.0139833 0.0252503 -0.509244 0.491042 0.490198 0.50917
-1.41672 -0.0140274 0.0252083 -0.508815 0.491483 0.490632 0.508754
-1.41568 -0.0140725 0.0250696 -0.507352 0.492962 0.492137 0.50733
-1.41737 -0.0140336 0.0249793 -0.506278 0.494027 0.493253 0.506282
-1.42066 -0.0139454 0.0248984 -0.505166 0.495115 0.494413 0.505197
-1.42281 -0.0138847 0.0248625 -0.504607 0.495658 0.494997 0.504651
-1.42525 -0.0138142 0.02483 -0.50405 0.496196 0.495579 0.504108
-1.42866 -0.0137136 0.024794 -0.503364 0.496855 0.496296 0.503438
-1.43087 -0.0136474 0.0247748 -0.50296 0.497241 0.496719 0.503043
-1.43724 -0.0134529 0.0247312 -0.501922 0.498229 0.497806 0.502028
-1.4441 -0.0132385 0.0246966 -0.500958 0.49914 0.498815 0.501083
-1.44763 -0.0131262 0.0246817 -0.50051 0.499562 0.499286 0.500642
-1.4512 -0.0130117 0.0246678 -0.500086 0.499959 0.499731 0.500224
-1.45567 -0.0128669 0.0246513 -0.499592 0.500421 0.500249 0.499738
-1.46184 -0.0126637 0.0246282 -0.498974 0.500997 0.500899 0.499126
-1.47193 -0.0123239 0.0245845 -0.498121 0.50179 0.501802 0.498274
-1.47809 -0.0121099 0.0245497 -0.497698 0.502181 0.502254 0.497847
-1.48369 -0.0119102 0.0245091 -0.49739 0.502466 0.502588 0.49753
-1.48605 -0.0118166 0.0244853 -0.499329 0.500531 0.50076 0.499378
-1.48492 -0.0117373 0.0247176 -0.53732 0.459752 0.459912 0.537026
-1.49621 -0.0115627 0.0245649 -0.55356 0.43968 0.437313 0.555886
-1.50772 -0.0114567 0.02403 -0.556183 0.435965 0.432554 0.559903
-1.51907 -0.0113714 0.0234164 -0.55691 0.434773 0.430656 0.561569
-1.54324 -0.0112195 0.0220275 -0.556178 0.435404 0.430211 0.562146
-1.5808 -0.0110188 0.0199102 -0.552707 0.439718 0.433379 0.559772
-1.60292 -0.0109078 0.0187521 -0.550202 0.442915 0.436088 0.557612
-1.6533 -0.0106543 0.0164304 -0.544159 0.450593 0.443035 0.551885
-1.7637 -0.0100424 0.0128859 -0.530889 0.466779 0.458908 0.538217
