SOLL: -3.77637e-16 0.1 4.97
QOLhat: -0.5 0.5 0.5 0.5
0.459011 2.15011e-05 -0.000407954 -0.501753 0.49827 0.49794 0.502023
0.451208 -4.16856e-05 -0.000289752 -0.500758 0.499269 0.498989 0.500981
0.444615 -9.2811e-05 -0.000192376 -0.49999 0.500038 0.499797 0.500175
0.440655 -0.000122839 -0.000135269 -0.499558 0.50047 0.500252 0.499719
0.436712 -0.00015238 -7.9591e-05 -0.499148 0.500879 0.500683 0.499287
0.426386 -0.000228696 5.95617e-05 -0.49817 0.501856 0.501713 0.498249
0.418939 -0.000283377 0.000152854 -0.497548 0.502476 0.502368 0.497584
0.415344 -0.000309799 0.000195422 -0.497274 0.50275 0.502658 0.497289
0.409577 -0.000352323 0.000259932 -0.496871 0.503153 0.503086 0.496851
0.403077 -0.000400561 0.000326411 -0.496474 0.50355 0.503509 0.496417
0.400017 -0.000423408 0.000355163 -0.496311 0.503714 0.503684 0.496236
0.390176 -0.000509047 0.000670134 -0.435407 0.558425 0.553799 0.438052
0.392741 -0.000534489 0.000236523 -0.424369 0.56765 0.560931 0.427834
0.395687 -0.000536767 -0.000132918 -0.419658 0.571531 0.563828 0.423482
0.419826 -0.00044181 -0.00269477 -0.404298 0.583888 0.572778 0.409321
0.439995 -0.000316158 -0.00463508 -0.398321 0.588545 0.576085 0.403834
0.466009 -0.000130022 -0.00699362 -0.393299 0.592373 0.578804 0.399244
0.498139 0.000119932 -0.00973296 -0.389114 0.595483 0.581041 0.395451
0.581723 0.000809784 -0.0161912 -0.384437 0.598885 0.583388 0.391412
0.633875 0.00123479 -0.0199532 -0.390272 0.595058 0.579506 0.397198
0.692486 0.00172156 -0.0237654 -0.399695 0.588568 0.573348 0.40633
0.756855 0.00228227 -0.0273381 -0.410537 0.580708 0.566202 0.416717
0.919111 0.00384911 -0.033547 -0.436582 0.560149 0.548339 0.441536
1.03746 0.00512598 -0.03584 -0.453976 0.545078 0.535532 0.458259
1.11943 0.00606421 -0.0364921 -0.465234 0.534727 0.526731 0.469232
1.28749 0.0080775 -0.0358576 -0.486347 0.513967 0.508837 0.490295
1.37222 0.00911205 -0.0347203 -0.496008 0.503837 0.499916 0.500208
1.53992 0.011126 -0.031303 -0.513223 0.484705 0.482587 0.518434
1.62174 0.0120619 -0.0292427 -0.520714 0.475911 0.474363 0.526636
1.70153 0.0129246 -0.027092 -0.527448 0.467747 0.466552 0.534174
1.92436 0.0149261 -0.021026 -0.543237 0.447611 0.446341 0.552556
2.11518 0.0158791 -0.016897 -0.55298 0.434639 0.432104 0.564436
2.1705 0.0159571 -0.0161044 -0.555038 0.431932 0.428829 0.566986
2.23343 0.0158971 -0.0155269 -0.556855 0.429643 0.425787 0.569232
2.30958 0.0155485 -0.0154158 -0.55809 0.428376 0.423451 0.570718
2.37935 0.0148387 -0.0160674 -0.557802 0.429429 0.423373 0.570266
2.43094 0.0138886 -0.0172053 -0.555966 0.432645 0.425699 0.567891
2.46511 0.0127897 -0.0184542 -0.552911 0.437414 0.42993 0.56402
2.47599 0.0122088 -0.0190151 -0.551005 0.440231 0.432623 0.56163
2.48411 0.0114685 -0.0195871 -0.548311 0.44407 0.436438 0.558282
