SOLL: 5.49629 -1.40118 4.97226
QOLhat: -0.495157 0.504905 0.504851 0.494991
1.87289 0.120302 0.009078 -0.495157 0.504905 0.504851 0.494991
0.0115819 -0.000135965 -0.00216639 -0.459385 0.5383 0.535741 0.46063
0.055691 2.08478e-05 -0.00401829 -0.468905 0.53004 0.527628 0.469888
0.070373 8.96515e-05 -0.00444747 -0.471726 0.527507 0.525186 0.472642
0.113918 0.000328778 -0.00532887 -0.479313 0.520501 0.518496 0.480104
0.137643 0.000476539 -0.00560892 -0.483046 0.516949 0.51513 0.483809
0.162355 0.000640327 -0.00577928 -0.486684 0.513421 0.511794 0.487446
0.213828 0.00100391 -0.00581214 -0.49356 0.506573 0.505329 0.494393
0.240151 0.00119662 -0.00569402 -0.496752 0.503316 0.502249 0.497651
0.266588 0.00139149 -0.00550311 -0.499757 0.500204 0.4993 0.500738
0.299501 0.00163223 -0.00518398 -0.503231 0.496554 0.495825 0.504332
0.34471 0.00195111 -0.00463834 -0.507543 0.491951 0.491409 0.508824
0.369795 0.00211778 -0.00430053 -0.50971 0.489611 0.489144 0.511092
0.394156 0.00226967 -0.0039597 -0.511658 0.487495 0.487079 0.513137
0.417668 0.00240456 -0.00362679 -0.513388 0.485607 0.48522 0.514956
0.461707 0.00261711 -0.00301963 -0.516209 0.482527 0.482138 0.517918
0.482054 0.00269297 -0.00275814 -0.517309 0.481331 0.480916 0.519068
0.501188 0.0027482 -0.00253012 -0.51821 0.480361 0.479905 0.520003
0.523316 0.00278873 -0.00229484 -0.519068 0.479452 0.478932 0.520882
0.550816 0.00279511 -0.00205782 -0.519797 0.478718 0.478091 0.521602
0.564662 0.0027746 -0.00196759 -0.519983 0.478561 0.477868 0.521765
0.577138 0.00273841 -0.0019065 -0.520014 0.478579 0.477822 0.521761
0.606411 0.00255307 -0.0018572 -0.519283 0.479544 0.478618 0.520872
0.615096 0.0024501 -0.00187501 -0.518671 0.480278 0.479301 0.520178
0.619357 0.00238318 -0.00189091 -0.51823 0.480794 0.479793 0.519686
0.629695 0.00209083 -0.00195673 -0.51602 0.483309 0.482267 0.517256
0.631043 0.00186015 -0.00197138 -0.513999 0.48554 0.48452 0.515069
0.628792 0.00168158 -0.00194482 -0.512282 0.487398 0.486422 0.513229
0.622282 0.00145874 -0.00185326 -0.509968 0.48986 0.488967 0.510765
0.618272 0.00136316 -0.00179172 -0.508923 0.490959 0.49011 0.509656
0.613674 0.00127 -0.0017182 -0.507878 0.492049 0.491248 0.50855
0.602993 0.00109137 -0.00153969 -0.505819 0.494178 0.493478 0.506375
0.597047 0.00100593 -0.00143755 -0.504817 0.495204 0.494556 0.505319
0.584278 0.000842635 -0.0012159 -0.502902 0.497153 0.49661 0.503297
0.570754 0.000689092 -0.000982998 -0.501134 0.498936 0.498494 0.501429
0.563855 0.000615856 -0.000866737 -0.500317 0.499756 0.499362 0.500563
0.556937 0.000544944 -0.000752787 -0.499549 0.500526 0.500178 0.499747
0.548339 0.000459587 -0.000615823 -0.49866 0.501413 0.501119 0.498801
0.536553 0.000346374 -0.000438651 -0.497559 0.502511 0.502285 0.497622
0.530025 0.000285125 -0.000346891 -0.497006 0.503061 0.50287 0.497027
0.523692 0.000226527 -0.000262973 -0.49651 0.503555 0.503396 0.49649
0.5161 0.000157234 -0.000169866 -0.49597 0.504094 0.503971 0.4959
0.506171 6.82045e-05 -6.2442e-05 -0.49536 0.504702 0.504623 0.495227
0.494425 -2.45965e-05 0.000191819 -0.46061 0.536861 0.535326 0.461568
0.494246 -9.40066e-05 -0.00022691 -0.454079 0.542602 0.540378 0.455398
0.499997 -0.000119785 -0.000827074 -0.454591 0.542262 0.539828 0.455944
0.521184 -0.000116893 -0.00228041 -0.459759 0.537993 0.535434 0.460972
0.559089 -1.13006e-05 -0.00394338 -0.468253 0.530634 0.528221 0.469201
0.577793 6.6652e-05 -0.00450877 -0.471943 0.527324 0.525036 0.472797
0.598183 0.000165685 -0.00498425 -0.475679 0.523906 0.52177 0.476455
0.620027 0.000285081 -0.00535765 -0.479403 0.520429 0.518466 0.480124
0.643093 0.000423296 -0.00562315 -0.483072 0.516936 0.515161 0.483763
0.691969 0.000746416 -0.00583409 -0.490102 0.510056 0.508671 0.490812
0.717334 0.000925034 -0.00579211 -0.493409 0.506735 0.505539 0.494163
0.749486 0.00115706 -0.00562218 -0.497306 0.502752 0.501777 0.498143
0.775319 0.00134498 -0.00540824 -0.500216 0.499731 0.498914 0.501136
0.826498 0.00171077 -0.00483291 -0.505436 0.494215 0.493652 0.506551
0.851507 0.00188157 -0.00450003 -0.507734 0.491751 0.491281 0.50895
0.875924 0.00204015 -0.00415489 -0.509819 0.489499 0.489098 0.511134
0.94435 0.00241928 -0.00315715 -0.514799 0.484078 0.483752 0.516367
0.989653 0.00259118 -0.00254482 -0.517319 0.481342 0.480964 0.519003
1.01651 0.0026495 -0.0022302 -0.518456 0.480131 0.479682 0.520176
1.04783 0.0026608 -0.0019334 -0.519347 0.479227 0.478657 0.521064
1.08484 0.0025553 -0.00172126 -0.51949 0.479219 0.478456 0.521113
1.10288 0.0024222 -0.00169369 -0.518911 0.47996 0.479088 0.520428
1.10996 0.00234204 -0.00170106 -0.518454 0.48051 0.479594 0.519909
1.12044 0.00216272 -0.00173662 -0.51726 0.4819 0.480924 0.518582
1.12392 0.00206652 -0.00175699 -0.516543 0.482716 0.481723 0.517795
1.12629 0.00196773 -0.00177454 -0.515759 0.483597 0.482597 0.51694
1.12761 0.00186746 -0.00178646 -0.514916 0.484533 0.483535 0.516027
1.12733 0.0016663 -0.00178464 -0.513088 0.486532 0.485561 0.51406
1.12585 0.00156694 -0.0017678 -0.51212 0.487576 0.48663 0.513025
1.12357 0.00146917 -0.00173913 -0.511126 0.488639 0.487723 0.511966
1.12055 0.00137345 -0.00169831 -0.510115 0.489711 0.488831 0.510892
1.11258 0.00118929 -0.00158107 -0.508072 0.491854 0.491058 0.508729
1.10776 0.0011012 -0.00150602 -0.507055 0.49291 0.49216 0.507655
1.1011 0.000995006 -0.00139896 -0.505801 0.494203 0.493514 0.506333
1.08294 0.000757715 -0.00109835 -0.502941 0.497119 0.496581 0.503319
1.07806 0.000702153 -0.0010174 -0.502272 0.497796 0.497295 0.502613
1.0681 0.000595355 -0.000853539 -0.501001 0.499075 0.498648 0.501271
1.05293 0.000445681 -0.00061293 -0.499287 0.500792 0.500465 0.499455
1.04957 0.000414113 -0.000561724 -0.49894 0.501138 0.500832 0.499086
1.04292 0.000352838 -0.000462964 -0.498285 0.50179 0.501524 0.498389
1.03638 0.000294077 -0.000369955 -0.497685 0.502388 0.50216 0.497746
1.02999 0.000237898 -0.000283593 -0.497139 0.502931 0.502738 0.49716
1.0178 0.000133686 -0.000133424 -0.496212 0.503853 0.503721 0.496157
1.0066 4.12042e-05 -1.58138e-05 -0.495505 0.504557 0.504476 0.495381
0.998032 -1.21049e-05 0.000191264 -0.468244 0.530096 0.529007 0.468933
0.99503 -4.19737e-05 0.000231691 -0.460765 0.536724 0.535192 0.461728
0.994989 -0.000102224 -0.000187163 -0.454233 0.542466 0.540254 0.455553
1.00081 -0.000122612 -0.000784982 -0.454741 0.542127 0.539708 0.456096
1.00641 -0.000126577 -0.00123143 -0.456015 0.541098 0.538609 0.457344
1.02856 -9.78078e-05 -0.00257614 -0.461455 0.53654 0.534011 0.46262
1.04324 -5.7636e-05 -0.00325298 -0.46481 0.533647 0.531169 0.465867
1.06004 2.11297e-06 -0.00388572 -0.468377 0.53051 0.528122 0.469329
1.07875 8.23887e-05 -0.00444801 -0.472061 0.527205 0.524941 0.472917
1.12097 0.0003042 -0.00529205 -0.479505 0.520321 0.518382 0.480229
1.16197 0.000558679 -0.00568318 -0.485852 0.514235 0.512627 0.486542
1.21819 0.00094612 -0.00572399 -0.493478 0.506658 0.50548 0.494234
1.23099 0.00103797 -0.00567089 -0.495066 0.505044 0.503956 0.495852
1.25029 0.00117763 -0.00555527 -0.497365 0.502686 0.501726 0.498203
1.30177 0.00154966 -0.00507698 -0.502971 0.49683 0.496163 0.503986
1.35214 0.00189799 -0.00444172 -0.507762 0.491718 0.491257 0.508977
1.40015 0.0021974 -0.00375702 -0.511704 0.48745 0.487102 0.513111
1.42294 0.00232273 -0.00342465 -0.513357 0.48565 0.485325 0.514848
1.46048 0.00249695 -0.002892 -0.515749 0.483043 0.482712 0.517359
1.4706 0.00253565 -0.0027551 -0.516319 0.482425 0.482083 0.517955
1.50371 0.00263155 -0.00234002 -0.517927 0.480693 0.480284 0.519627
1.52094 0.00265916 -0.00215045 -0.518589 0.479996 0.479534 0.520305
1.53688 0.00266789 -0.00199589 -0.519072 0.4795 0.478979 0.52079
1.55151 0.00265883 -0.0018751 -0.519387 0.479197 0.478611 0.521094
1.57677 0.00259295 -0.00172466 -0.519548 0.479119 0.478404 0.521195
1.58985 0.00252412 -0.00168215 -0.519359 0.479393 0.478601 0.52095
1.59671 0.00247436 -0.0016715 -0.51915 0.479662 0.478828 0.520703
1.60472 0.00239965 -0.00167076 -0.518772 0.480128 0.479245 0.520266
1.61697 0.00222792 -0.00169906 -0.517711 0.48138 0.480423 0.519078
1.62128 0.00213403 -0.00171986 -0.517051 0.48214 0.481159 0.518349
1.62446 0.00203668 -0.00174018 -0.516316 0.482972 0.481978 0.517544
1.6269 0.00191198 -0.0017601 -0.515308 0.4841 0.483101 0.516448
1.62753 0.00171027 -0.00176791 -0.513525 0.486059 0.48508 0.514526
1.62606 0.00158536 -0.00175231 -0.51233 0.487351 0.4864 0.513247
1.62397 0.00148711 -0.00172676 -0.511343 0.488408 0.487486 0.512194
1.6203 0.00136712 -0.00167778 -0.510083 0.489746 0.488867 0.510855
1.61559 0.00125088 -0.00161007 -0.508809 0.491086 0.490258 0.509506
1.61232 0.0011831 -0.00156086 -0.508043 0.491885 0.49109 0.508696
1.59944 0.000968471 -0.00135638 -0.505529 0.494482 0.493808 0.506045
1.5936 0.000887534 -0.00126044 -0.504556 0.495478 0.494854 0.505019
1.58746 0.000809358 -0.00115873 -0.50361 0.496441 0.495867 0.504023
1.58109 0.000733882 -0.00105292 -0.502697 0.497367 0.496843 0.50306
1.57454 0.000661038 -0.000944718 -0.501821 0.498251 0.497776 0.502136
1.5662 0.000573589 -0.000808643 -0.500784 0.499293 0.498878 0.501041
1.55441 0.00045773 -0.000622115 -0.499454 0.500625 0.500288 0.499632
1.54771 0.000394932 -0.000520226 -0.498763 0.501315 0.50102 0.498897
1.5411 0.000334629 -0.000423297 -0.498123 0.501952 0.501696 0.498215
1.52827 0.000221713 -0.000248255 -0.497008 0.503062 0.502877 0.497018
1.52365 0.000182122 -0.000190059 -0.496646 0.503422 0.50326 0.496627
1.51622 0.00011966 -0.000102952 -0.496112 0.503952 0.503828 0.496047
1.50135 -1.0087e-06 4.33442e-05 -0.495235 0.504825 0.504767 0.49508
1.5001 -1.07541e-05 5.35516e-05 -0.495175 0.504885 0.504832 0.495012
1.49033 -7.31283e-05 0.000200488 -0.476881 0.522257 0.521601 0.477247
1.48525 -0.000113796 0.000305273 -0.460333 0.537099 0.535589 0.461261
1.48486 -0.000143977 0.000102183 -0.45497 0.54179 0.539777 0.456187
1.49365 -0.000165138 -0.000784681 -0.454649 0.542212 0.539784 0.455998
1.50229 -0.000159335 -0.00141024 -0.456579 0.540642 0.538121 0.457895
1.51357 -0.000139387 -0.00209553 -0.459285 0.538384 0.535828 0.46053
1.52733 -0.000102916 -0.00279585 -0.462481 0.535665 0.533123 0.463632
1.5477 -3.10832e-05 -0.00363389 -0.466883 0.531834 0.529374 0.467907
1.56626 4.8984e-05 -0.00423697 -0.470584 0.528539 0.526187 0.471513
1.60844 0.000270566 -0.00517493 -0.478133 0.521611 0.519564 0.47892
1.6316 0.000410406 -0.00548675 -0.481868 0.518078 0.516213 0.48262
1.65582 0.000567151 -0.0056889 -0.485522 0.514557 0.512883 0.486263
1.68724 0.000782673 -0.00579222 -0.489923 0.510225 0.508795 0.490687
1.70654 0.000919984 -0.00578002 -0.492456 0.507689 0.506401 0.493251
1.75883 0.00130196 -0.0055158 -0.49874 0.501262 0.500323 0.499671
1.83036 0.00181879 -0.0047665 -0.506102 0.493497 0.492918 0.507299
1.86805 0.00207275 -0.00426469 -0.509443 0.4899 0.489445 0.510793
1.88633 0.00218807 -0.0040079 -0.510931 0.488286 0.487873 0.512354
1.90999 0.00232749 -0.00367021 -0.512725 0.486332 0.485955 0.514239
1.95971 0.00257314 -0.00297421 -0.515984 0.482776 0.482405 0.517661
1.97002 0.00261402 -0.00283753 -0.516565 0.482143 0.481762 0.51827
2.00826 0.00272631 -0.00237327 -0.518396 0.480171 0.479712 0.520172
2.0296 0.00275574 -0.00215447 -0.519156 0.479374 0.478846 0.520945
2.03755 0.00275916 -0.00208238 -0.519382 0.479144 0.478586 0.52117
2.05597 0.00274809 -0.00193897 -0.519761 0.478781 0.478144 0.521532
2.07228 0.00271124 -0.00184405 -0.51989 0.478702 0.477983 0.521624
2.08104 0.00267806 -0.00180758 -0.519855 0.47878 0.478013 0.521559
2.10069 0.00255543 -0.0017701 -0.519391 0.479397 0.478516 0.520993
2.11029 0.00245838 -0.00177864 -0.518861 0.480043 0.479104 0.520386
2.11508 0.00239433 -0.00179106 -0.518466 0.480512 0.479544 0.519941
2.1245 0.00220804 -0.00183552 -0.517169 0.482011 0.480994 0.518503
2.12746 0.00210912 -0.00185688 -0.516406 0.482875 0.481848 0.517667
2.12932 0.00200803 -0.00187334 -0.515579 0.4838 0.482771 0.516767
2.13013 0.00190583 -0.00188229 -0.514696 0.484776 0.483754 0.515812
2.12889 0.00170161 -0.00186993 -0.5128 0.486842 0.485859 0.513773
2.12696 0.001601 -0.00184603 -0.511802 0.487914 0.48696 0.512707
2.12425 0.0015021 -0.00180945 -0.510783 0.489 0.488081 0.511621
