SOLL: 3.6234 -1.52148 4.96318
QOLhat: -0.52447 0.499377 0.475257 0.499685
1.73117 -1.61294 -0.011813 -0.52447 0.499377 0.475257 0.499685
-0.0492071 0.0498779 0.00625722 -0.503988 0.499511 0.496331 0.500141
-0.0656638 0.0661978 0.0077574 -0.499917 0.499539 0.500405 0.500138
-0.0722753 0.0727206 0.00831138 -0.498462 0.499552 0.501854 0.500126
-0.0788325 0.0791708 0.00883324 -0.497112 0.499567 0.503193 0.500109
-0.0916175 0.0916914 0.00976905 -0.494744 0.4996 0.505537 0.500061
-0.0977705 0.0976896 0.0101788 -0.493729 0.499618 0.506539 0.500032
-0.10372 0.103471 0.0105481 -0.492826 0.499638 0.507428 0.5
-0.109438 0.10901 0.0108762 -0.492035 0.49966 0.508207 0.499967
-0.12008 0.119267 0.0114094 -0.490783 0.499706 0.509438 0.499898
-0.126137 0.125071 0.0116614 -0.490216 0.499737 0.509996 0.499856
-0.129537 0.128316 0.0117839 -0.489951 0.499756 0.510256 0.499831
-0.133786 0.132356 0.0119151 -0.489683 0.499782 0.51052 0.499799
-0.137702 0.136064 0.0120115 -0.489507 0.499807 0.510692 0.499768
-0.144516 0.142469 0.0121087 -0.489413 0.499858 0.510785 0.499715
-0.14741 0.145164 0.0121144 -0.489483 0.499883 0.510716 0.499692
-0.152181 0.14956 0.0120527 -0.489829 0.49993 0.510375 0.499655
-0.154068 0.151272 0.0119907 -0.490091 0.499951 0.510116 0.499641
-0.156885 0.153772 0.0118167 -0.490766 0.49999 0.509446 0.499623
-0.158498 0.155117 0.0115919 -0.491604 0.500022 0.508612 0.499617
-0.158498 0.155117 0.0115919 -0.491604 0.500022 0.508612 0.499617
-0.159011 0.155414 0.0113332 -0.492559 0.500048 0.507657 0.499621
-0.158826 0.155122 0.0111608 -0.493199 0.50006 0.507016 0.499629
-0.158424 0.15465 0.0110195 -0.493727 0.500068 0.506486 0.499638
-0.157631 0.153789 0.0108409 -0.4944 0.500075 0.505809 0.499651
-0.15604 0.152139 0.0105917 -0.49535 0.500081 0.50485 0.499674
-0.15491 0.150994 0.0104516 -0.49589 0.500082 0.504302 0.499689
-0.153307 0.149388 0.0102803 -0.496557 0.500082 0.503627 0.49971
-0.152255 0.148344 0.0101803 -0.496949 0.500081 0.503228 0.499723
-0.148779 0.144928 0.00989468 -0.498079 0.500074 0.502076 0.499764
-0.147536 0.143717 0.009805 -0.498436 0.50007 0.50171 0.499778
-0.145832 0.142064 0.00969011 -0.498895 0.500065 0.50124 0.499797
-0.143648 0.139954 0.00955439 -0.499438 0.500058 0.500683 0.499821
-0.140985 0.137395 0.00940352 -0.50004 0.500048 0.500063 0.499849
-0.139649 0.136117 0.00933309 -0.50032 0.500042 0.499775 0.499863
-0.13612 0.132756 0.00916175 -0.500993 0.500028 0.499079 0.499899
-0.134394 0.131121 0.00908503 -0.501288 0.50002 0.498772 0.499917
-0.132709 0.129529 0.00901421 -0.501555 0.500013 0.498494 0.499934
-0.129491 0.126505 0.00888987 -0.502007 0.499998 0.498022 0.499965
-0.127554 0.123738 0.00880424 -0.491544 0.510619 0.507841 0.489643
-0.127328 0.122464 0.00886537 -0.47264 0.528386 0.52484 0.471128
-0.1187 0.120156 0.00861815 -0.462839 0.537286 0.533046 0.461482
-0.100121 0.118192 0.00788155 -0.463632 0.536765 0.532327 0.462123
-0.0552169 0.115939 0.00638829 -0.471813 0.529642 0.525362 0.469964
-0.0364066 0.11538 0.00591975 -0.475195 0.526575 0.522429 0.473262
-0.0160209 0.114918 0.00550658 -0.478673 0.523351 0.519371 0.476686
0.00572164 0.114551 0.00516381 -0.482172 0.520039 0.516249 0.480164
0.0523955 0.114091 0.00472053 -0.489018 0.513343 0.509991 0.487084
0.0768909 0.11399 0.00462293 -0.492288 0.510041 0.506925 0.490447
0.101876 0.113968 0.00460311 -0.495419 0.506815 0.503938 0.493704
0.127148 0.114019 0.00465353 -0.498389 0.503696 0.501057 0.496831
0.152513 0.114137 0.00476452 -0.501181 0.500708 0.498301 0.499805
0.202801 0.114543 0.00512354 -0.506185 0.495213 0.493238 0.505229
0.227392 0.114819 0.00534822 -0.508382 0.492741 0.490961 0.507653
0.297237 0.115852 0.00607215 -0.513722 0.486559 0.485264 0.513682
0.318809 0.116245 0.00629984 -0.515088 0.484931 0.483763 0.515266
0.358814 0.117071 0.00669541 -0.517223 0.482333 0.481372 0.517799
0.377101 0.117494 0.00685558 -0.518003 0.481357 0.480479 0.518756
0.406145 0.118237 0.00706899 -0.518937 0.480146 0.479384 0.519958
0.417399 0.118553 0.00713449 -0.519178 0.479811 0.47909 0.520297
0.443821 0.119374 0.00723948 -0.519391 0.479417 0.478787 0.520726
0.464996 0.120154 0.00726104 -0.519043 0.479677 0.479119 0.520528
0.47364 0.120523 0.00724931 -0.518687 0.480017 0.479493 0.520225
0.481018 0.120878 0.00722777 -0.518226 0.480479 0.479987 0.519802
0.489781 0.121379 0.00718547 -0.517359 0.481369 0.480927 0.518972
0.494144 0.121691 0.00715585 -0.51668 0.482076 0.481669 0.518304
0.498014 0.122055 0.00712286 -0.515735 0.483066 0.482707 0.517358
0.500785 0.122576 0.00709143 -0.514036 0.484849 0.484571 0.515634
0.500785 0.122576 0.00709143 -0.514036 0.484849 0.484571 0.515634
0.499748 0.123017 0.00709936 -0.512169 0.486809 0.486616 0.513716
0.497956 0.123207 0.0071209 -0.511193 0.487833 0.487683 0.512705
0.4954 0.123376 0.00715474 -0.510198 0.488874 0.488767 0.511671
0.488269 0.12365 0.00725859 -0.508184 0.490977 0.490952 0.509565
0.483827 0.123755 0.00732731 -0.507179 0.492024 0.492037 0.508508
0.477588 0.123857 0.00742692 -0.505939 0.493314 0.493372 0.507198
0.473527 0.123903 0.007493 -0.505209 0.494074 0.494156 0.506423
0.4678 0.123946 0.00758715 -0.504255 0.495066 0.495178 0.505406
0.453911 0.123972 0.00781629 -0.502221 0.497181 0.497347 0.50322
0.449063 0.123959 0.00789548 -0.501585 0.497844 0.498024 0.50253
0.442497 0.123927 0.00800133 -0.500772 0.498691 0.498886 0.501645
0.435863 0.123878 0.00810603 -0.500005 0.499492 0.499699 0.500802
0.42259 0.123733 0.0083063 -0.498617 0.50095 0.501168 0.49926
0.416044 0.12364 0.00839938 -0.498 0.501602 0.50182 0.498566
0.409614 0.123534 0.00848638 -0.497437 0.502201 0.502416 0.497924
0.401797 0.123387 0.00858539 -0.496809 0.502875 0.503082 0.497199
0.39725 0.123291 0.00863916 -0.496472 0.503239 0.503439 0.496805
0.385757 0.123015 0.00876049 -0.495724 0.504061 0.504236 0.495909
0.380402 0.122867 0.00880887 -0.49543 0.504393 0.504553 0.495544
0.375337 0.122716 0.00884912 -0.495187 0.504673 0.504816 0.495233
0.363989 0.122404 0.00906188 -0.467858 0.53031 0.529392 0.468641
0.361027 0.122246 0.00907281 -0.45884 0.538302 0.536788 0.459952
0.363824 0.121942 0.00852036 -0.454017 0.542622 0.540421 0.455385
0.389226 0.121555 0.00669578 -0.459374 0.538343 0.535765 0.460563
0.418758 0.121381 0.00532162 -0.46606 0.532638 0.530088 0.467002
0.477853 0.121293 0.0037153 -0.477264 0.522563 0.520347 0.477898
0.500579 0.121313 0.00337587 -0.48101 0.519052 0.516999 0.481587
0.524429 0.121355 0.00314579 -0.484683 0.515541 0.513665 0.48523
0.581009 0.121523 0.00301246 -0.492512 0.507828 0.506364 0.49309
0.606944 0.121622 0.00310531 -0.495741 0.504557 0.503268 0.496372
0.639604 0.12176 0.00332803 -0.499521 0.500662 0.499573 0.500244
0.659182 0.121847 0.0035081 -0.501642 0.498445 0.497465 0.502431
0.704319 0.122054 0.00402397 -0.50614 0.493675 0.492904 0.507103
0.771975 0.122353 0.00495526 -0.511882 0.487464 0.486887 0.513125
0.800748 0.122465 0.0053697 -0.513952 0.485199 0.484658 0.515308
0.833221 0.122573 0.00582516 -0.516001 0.482953 0.482416 0.517469
0.848528 0.122615 0.00602956 -0.516852 0.482023 0.481474 0.518365
0.867905 0.122659 0.00627391 -0.517812 0.480977 0.480401 0.519373
0.886045 0.122687 0.00648387 -0.518579 0.480148 0.479534 0.520173
0.906911 0.122702 0.00669678 -0.519279 0.479407 0.478735 0.520895
0.935973 0.122682 0.00692764 -0.519841 0.478854 0.478076 0.521448
0.948476 0.122654 0.00699761 -0.519884 0.478847 0.478014 0.521469
0.959623 0.122616 0.00704197 -0.519782 0.479001 0.478116 0.521335
0.969427 0.122568 0.00706493 -0.519547 0.479302 0.47837 0.52106
0.977907 0.122513 0.00707095 -0.51919 0.479734 0.478762 0.520657
0.991012 0.122387 0.00705006 -0.518161 0.480936 0.479907 0.519519
0.996703 0.1223 0.00702691 -0.517334 0.481876 0.480829 0.518617
0.99924 0.122246 0.00701312 -0.516781 0.482498 0.481447 0.518017
1.00298 0.122099 0.00698842 -0.515127 0.484327 0.483291 0.516238
1.00269 0.121953 0.00699668 -0.51327 0.486342 0.485351 0.514256
0.99581 0.121742 0.00709572 -0.51025 0.489551 0.488676 0.511058
0.993065 0.121692 0.00713797 -0.509474 0.490366 0.489525 0.510239
0.987724 0.12161 0.00722323 -0.508176 0.491717 0.490938 0.508873
0.980216 0.121516 0.00734789 -0.506631 0.493312 0.492613 0.507249
0.97608 0.121471 0.00741815 -0.50587 0.494092 0.493434 0.50645
0.970234 0.121411 0.00751866 -0.504874 0.495109 0.494506 0.505404
0.957649 0.121296 0.00773692 -0.502967 0.497043 0.496549 0.5034
0.951036 0.12124 0.00785118 -0.502066 0.497952 0.49751 0.502451
0.944288 0.121185 0.00796654 -0.501206 0.498817 0.498426 0.501544
0.93061 0.121077 0.0081939 -0.499623 0.500402 0.500105 0.49987
0.917027 0.120973 0.00840694 -0.498243 0.501779 0.501566 0.498401
0.910386 0.120922 0.00850499 -0.497634 0.502386 0.50221 0.497749
0.903898 0.120871 0.0085961 -0.49708 0.502938 0.502796 0.497153
0.891522 0.120774 0.00875482 -0.496141 0.503875 0.503792 0.496133
0.885695 0.120728 0.00882158 -0.495755 0.50426 0.504203 0.495709
0.880143 0.120683 0.00887969 -0.495425 0.504592 0.504557 0.495342
0.868042 0.120595 0.00914209 -0.462589 0.53508 0.533726 0.463504
0.86587 0.120556 0.00907349 -0.456652 0.540284 0.538469 0.457835
0.87019 0.120498 0.00838707 -0.454133 0.542577 0.540255 0.455519
0.883284 0.120477 0.00734895 -0.457048 0.54023 0.537729 0.458374
0.897593 0.120487 0.00649528 -0.460581 0.537268 0.534746 0.461795
0.907995 0.120506 0.00597906 -0.463023 0.535181 0.532681 0.464157
0.923808 0.120547 0.00531829 -0.46651 0.532148 0.529717 0.467533
0.941641 0.120607 0.00471619 -0.470156 0.528912 0.526585 0.471076
0.982465 0.120789 0.00377166 -0.477618 0.522086 0.520057 0.47838
1.03467 0.121084 0.00320849 -0.48584 0.514246 0.512632 0.486538
1.10385 0.121535 0.00322439 -0.495075 0.505038 0.50394 0.495866
1.14258 0.1218 0.00349673 -0.499578 0.500397 0.499544 0.50048
1.16193 0.121932 0.00368425 -0.501667 0.498211 0.497466 0.502636
1.18755 0.122105 0.00397388 -0.504276 0.495455 0.494834 0.505341
1.23753 0.122425 0.00463593 -0.508865 0.490538 0.490099 0.510129
1.2616 0.122566 0.00498213 -0.51084 0.4884 0.488016 0.512199
1.29055 0.12272 0.00540639 -0.513009 0.486041 0.485695 0.514477
1.34887 0.122958 0.00622906 -0.516635 0.482094 0.481726 0.518279
1.36798 0.123008 0.00647254 -0.517578 0.481077 0.480672 0.51926
1.38586 0.123039 0.00668145 -0.518332 0.480275 0.479822 0.520037
1.43825 0.123003 0.00714171 -0.519593 0.479032 0.478362 0.521269
1.44735 0.122971 0.00719093 -0.519609 0.479052 0.478334 0.52126
1.46086 0.1229 0.00724193 -0.519461 0.479282 0.478486 0.521058
1.47229 0.122812 0.00726136 -0.519111 0.479731 0.478866 0.520643
1.47818 0.122752 0.00726146 -0.518816 0.480093 0.479192 0.520303
1.49043 0.122574 0.00723544 -0.517751 0.481349 0.480376 0.519111
1.49474 0.122478 0.0072158 -0.517088 0.482111 0.481115 0.51838
1.49791 0.122378 0.00719669 -0.516351 0.482946 0.481937 0.517573
1.50033 0.122251 0.00717833 -0.515339 0.484077 0.483064 0.516473
1.50021 0.121971 0.00718151 -0.512838 0.486813 0.485837 0.513783
1.49849 0.121871 0.0072026 -0.511861 0.487863 0.486915 0.512739
1.49526 0.12175 0.00724587 -0.510608 0.489198 0.488292 0.511406
1.49278 0.121678 0.00728099 -0.509845 0.490004 0.489127 0.510597
1.48447 0.121496 0.00740684 -0.507799 0.492144 0.491354 0.508434
1.47686 0.121367 0.00752886 -0.50628 0.493715 0.492998 0.506833
1.4727 0.121304 0.00759733 -0.505534 0.494481 0.493802 0.506047
1.46068 0.121147 0.00779837 -0.50361 0.496443 0.495866 0.504021
1.45428 0.121072 0.00790585 -0.502695 0.49737 0.496844 0.503057
1.44605 0.120982 0.00804334 -0.501603 0.498471 0.498007 0.501906
1.44103 0.12093 0.00812625 -0.50098 0.499097 0.49867 0.501248
1.42584 0.120783 0.00836932 -0.499267 0.500812 0.500486 0.499434
1.42081 0.120737 0.00844646 -0.498752 0.501325 0.501031 0.498887
1.40766 0.120621 0.00863716 -0.497525 0.502546 0.502329 0.497576
1.40131 0.120566 0.0087226 -0.496994 0.503074 0.502891 0.497005
1.39516 0.120514 0.0088005 -0.496517 0.503547 0.503396 0.496491
1.38357 0.120419 0.00893203 -0.495731 0.504329 0.504234 0.495632
1.37817 0.120376 0.00898529 -0.495418 0.50464 0.504568 0.495287
1.37108 0.120335 0.00915396 -0.472083 0.526635 0.525727 0.472657
1.36539 0.120264 0.00911182 -0.455888 0.540986 0.539048 0.457085
1.3669 0.120239 0.00880722 -0.454182 0.542508 0.540297 0.455504
1.37284 0.12022 0.00820618 -0.454709 0.542153 0.539734 0.456067
1.37851 0.120217 0.00775793 -0.455994 0.541115 0.538624 0.457327
1.40085 0.120249 0.00640954 -0.46146 0.536534 0.534003 0.46263
1.41562 0.12029 0.00573163 -0.464826 0.533632 0.531151 0.465889
1.43252 0.120351 0.00509836 -0.468403 0.530486 0.528095 0.469361
1.45132 0.120432 0.00453605 -0.472095 0.527172 0.524906 0.472958
1.4718 0.120534 0.0040637 -0.475831 0.523752 0.521637 0.476617
1.51686 0.120796 0.00343055 -0.48322 0.516782 0.515027 0.483924
1.54712 0.120993 0.00325323 -0.487668 0.512455 0.510943 0.488372
1.59124 0.1213 0.00326716 -0.493545 0.506588 0.505409 0.494312
1.61697 0.121485 0.00339446 -0.496679 0.50339 0.502386 0.49751
1.64282 0.121673 0.0035928 -0.49963 0.500335 0.499492 0.500542
1.67502 0.121904 0.00391917 -0.503044 0.496752 0.496082 0.504071
1.69415 0.122039 0.004146 -0.504939 0.49474 0.494158 0.50604
1.71928 0.122211 0.00447227 -0.507282 0.492233 0.491748 0.508484
1.76772 0.122516 0.0051576 -0.51133 0.487856 0.487494 0.512726
1.79077 0.122645 0.00549377 -0.513034 0.486 0.485667 0.514517
1.81288 0.122756 0.00581306 -0.514528 0.484372 0.484046 0.516086
1.85393 0.122919 0.00637408 -0.516902 0.481791 0.481428 0.518572
1.86813 0.122959 0.00655192 -0.517588 0.481052 0.48066 0.519286
1.88599 0.122995 0.0067587 -0.518338 0.480254 0.479813 0.520059
1.93183 0.122992 0.00717143 -0.519532 0.479061 0.478436 0.521236
1.94445 0.122958 0.00724575 -0.519607 0.479028 0.478338 0.521281
1.96568 0.122848 0.00731944 -0.519333 0.479435 0.478622 0.520918
1.97432 0.122777 0.00732729 -0.519007 0.479845 0.47898 0.520537
1.98168 0.122697 0.00732173 -0.518571 0.480373 0.479462 0.52004
1.99266 0.122517 0.00728759 -0.517412 0.481728 0.480752 0.518749
1.99712 0.122395 0.00726201 -0.516523 0.482741 0.481744 0.517773
2.00098 0.122143 0.00723038 -0.514447 0.485051 0.484054 0.51552
2.00035 0.12199 0.0072364 -0.513057 0.486568 0.485595 0.514026
1.99651 0.121791 0.00728377 -0.511091 0.488678 0.487761 0.511927
1.99345 0.121695 0.00732564 -0.510078 0.489752 0.48887 0.510852
1.98974 0.1216 0.00737958 -0.509057 0.490827 0.489986 0.509769
1.98542 0.121509 0.00744506 -0.508033 0.491896 0.491099 0.508687
1.97528 0.121334 0.00760686 -0.50601 0.493989 0.493288 0.506553
1.96958 0.121251 0.00770063 -0.505024 0.495001 0.49435 0.505513
1.96356 0.121171 0.00780096 -0.504062 0.495982 0.495382 0.5045
1.95727 0.121093 0.00790621 -0.503131 0.496928 0.496378 0.503518
1.95078 0.121018 0.00801467 -0.502234 0.497834 0.497335 0.502573
1.94415 0.120946 0.00812464 -0.501377 0.498698 0.498247 0.501669
1.93067 0.120809 0.00834257 -0.499797 0.500282 0.499924 0.499996
1.92393 0.120744 0.00844753 -0.49908 0.500999 0.500684 0.499235
1.9156 0.120667 0.00857234 -0.498256 0.50182 0.501555 0.498357
1.91068 0.120622 0.008643 -0.497802 0.502273 0.502036 0.497871
1.898 0.120511 0.00881266 -0.496741 0.503327 0.503159 0.496731
1.89049 0.120447 0.00890316 -0.496191 0.503875 0.503743 0.496133
1.88617 0.12041 0.00895133 -0.495902 0.504162 0.504051 0.495817
