SOLL: 9.10187 0.198728 4.97192
QOLhat: -0.499349 0.488676 0.498628 0.513046
1.48672 1.59855 0.00138721 -0.499349 0.488676 0.498628 0.513046
-0.0722006 -0.072522 -0.00144828 -0.499876 0.506118 0.499385 0.494553
-0.0846648 -0.0848134 -0.00152993 -0.499912 0.507961 0.499494 0.492514
-0.0961484 -0.0960766 -0.00157995 -0.499937 0.509365 0.499593 0.490935
-0.102741 -0.102512 -0.00159715 -0.499948 0.510026 0.49965 0.490178
-0.106462 -0.106131 -0.00160261 -0.499954 0.510346 0.499683 0.489806
-0.111136 -0.110664 -0.00160436 -0.49996 0.510685 0.499725 0.489403
-0.119459 -0.118689 -0.00158898 -0.499967 0.511081 0.499804 0.488902
-0.123095 -0.122168 -0.00157177 -0.499969 0.511147 0.49984 0.488793
-0.127881 -0.126714 -0.00153374 -0.49997 0.511095 0.499892 0.488795
-0.130629 -0.1293 -0.00150014 -0.499969 0.510967 0.499924 0.488896
-0.133025 -0.131534 -0.0014599 -0.499968 0.510773 0.499954 0.489069
-0.135077 -0.133423 -0.00141303 -0.499966 0.510517 0.499983 0.48931
-0.138178 -0.136204 -0.00129965 -0.499959 0.509845 0.500034 0.489963
-0.139248 -0.137118 -0.0012334 -0.499955 0.509441 0.500057 0.490365
-0.140015 -0.137732 -0.00116104 -0.499951 0.508998 0.500078 0.490807
-0.140492 -0.138061 -0.00108287 -0.499946 0.508522 0.500098 0.491285
-0.140637 -0.137926 -0.000910689 -0.499936 0.507492 0.500131 0.492326
-0.140337 -0.137496 -0.000817664 -0.499932 0.506948 0.500144 0.492877
-0.139081 -0.135999 -0.000620781 -0.499922 0.505825 0.500165 0.494018
-0.137067 -0.133777 -0.000414201 -0.499914 0.504684 0.500179 0.495178
-0.135821 -0.13244 -0.000309203 -0.49991 0.504118 0.500183 0.495754
-0.134441 -0.130976 -0.000204138 -0.499907 0.503559 0.500186 0.496322
-0.132552 -0.128997 -7.39399e-05 -0.499904 0.502876 0.500187 0.497017
-0.129664 -0.126006 0.00010347 -0.499901 0.501959 0.500183 0.497949
-0.127918 -0.124213 0.000200923 -0.4999 0.501461 0.500179 0.498455
-0.126121 -0.122378 0.000294652 -0.499899 0.500985 0.500174 0.49894
-0.122438 -0.118645 0.000468456 -0.4999 0.500105 0.50016 0.499835
-0.118727 -0.114918 0.000620566 -0.499904 0.499331 0.500142 0.500623
-0.116893 -0.113088 0.000687441 -0.499906 0.498986 0.500132 0.500974
-0.113324 -0.109546 0.000801388 -0.499913 0.498384 0.500109 0.501588
-0.10995 -0.106224 0.000887866 -0.499922 0.497901 0.500086 0.502082
-0.108357 -0.104664 0.00092067 -0.499927 0.497703 0.500074 0.502286
-0.108862 -0.103184 0.00101568 -0.477087 0.519592 0.52141 0.48015
-0.102537 -0.100464 0.000984896 -0.461371 0.533655 0.534894 0.465013
-0.0955974 -0.0992221 0.000762445 -0.459855 0.534936 0.536094 0.463659
-0.0861811 -0.0980624 0.000420322 -0.460255 0.534558 0.535702 0.464151
-0.0710574 -0.0967316 -0.00012944 -0.462497 0.532587 0.533758 0.466422
-0.0441528 -0.0950927 -0.00100173 -0.467427 0.528255 0.529498 0.471265
-0.0261185 -0.0942726 -0.00149365 -0.470721 0.525332 0.526621 0.474466
-0.00640666 -0.0935356 -0.00194814 -0.474181 0.52223 0.523566 0.477815
0.0371829 -0.0923045 -0.00267612 -0.481257 0.515769 0.517189 0.484654
0.0848635 -0.0913856 -0.00310663 -0.488177 0.509291 0.510762 0.491353
0.109697 -0.091039 -0.00320783 -0.491482 0.506141 0.507618 0.494561
0.16032 -0.0905625 -0.00320932 -0.497654 0.500168 0.501603 0.500567
0.204666 -0.0903728 -0.00303881 -0.502483 0.495422 0.496755 0.505274
0.229645 -0.090355 -0.00289283 -0.504977 0.492954 0.494199 0.507703
0.254162 -0.0903997 -0.00272538 -0.507268 0.490679 0.491816 0.509931
0.301252 -0.0906653 -0.00236701 -0.511232 0.486748 0.487615 0.51376
0.323578 -0.0908791 -0.00219389 -0.512903 0.485105 0.485812 0.515356
0.365277 -0.0914497 -0.00189394 -0.51563 0.482468 0.482822 0.517913
0.402509 -0.0921811 -0.00168363 -0.51757 0.480682 0.480656 0.51965
0.4193 -0.0925953 -0.00161698 -0.518259 0.480094 0.479877 0.520227
0.438498 -0.0931486 -0.0015695 -0.518873 0.479628 0.479175 0.520691
0.449042 -0.0934959 -0.00155898 -0.519115 0.479484 0.478895 0.52084
0.473542 -0.0944597 -0.0015873 -0.519333 0.479557 0.478631 0.520799
0.48382 -0.0949533 -0.00162584 -0.519226 0.479819 0.478742 0.520561
0.4928 -0.0954486 -0.00167551 -0.51899 0.480213 0.479 0.520196
0.500503 -0.0959415 -0.00173233 -0.518638 0.480722 0.479391 0.519716
0.512207 -0.0969051 -0.0018521 -0.517626 0.482037 0.48052 0.518462
0.516287 -0.0973692 -0.00190798 -0.516988 0.482818 0.481234 0.51771
0.522077 -0.0987586 -0.00203004 -0.514441 0.485766 0.484075 0.514833
0.51968 -0.0996737 -0.00203183 -0.512128 0.488306 0.486636 0.512315
0.515835 -0.10015 -0.00198809 -0.510653 0.489881 0.488258 0.510739
0.508366 -0.100697 -0.00187864 -0.50864 0.491984 0.490456 0.508616
0.50378 -0.100932 -0.00180387 -0.507631 0.49302 0.491552 0.507561
0.498716 -0.101143 -0.0017174 -0.506629 0.494038 0.492636 0.50652
0.481309 -0.101632 -0.00140399 -0.503734 0.496928 0.495747 0.503538
0.468485 -0.101847 -0.0011681 -0.501952 0.498669 0.497648 0.501717
0.461883 -0.101924 -0.0010476 -0.501119 0.499474 0.498533 0.50087
0.448567 -0.102023 -0.000810069 -0.499588 0.500938 0.500156 0.499317
0.441949 -0.102047 -0.000696091 -0.498895 0.501593 0.500888 0.498617
0.435418 -0.102056 -0.000587067 -0.498254 0.502195 0.501566 0.497971
0.422774 -0.102032 -0.00038804 -0.497133 0.503238 0.502752 0.496841
0.415255 -0.101992 -0.000278778 -0.496542 0.50378 0.503378 0.496249
0.410915 -0.10196 -0.000219341 -0.496228 0.504065 0.503711 0.495935
0.405353 -0.101908 -0.000147493 -0.495857 0.504399 0.504106 0.495565
0.400065 -0.101847 -8.42138e-05 -0.49554 0.504681 0.504445 0.495249
0.389887 -0.101721 9.30482e-05 -0.477162 0.522098 0.521315 0.477452
0.383523 -0.101556 0.000145778 -0.456641 0.540385 0.538472 0.457724
0.38887 -0.101354 -0.000544218 -0.454213 0.542546 0.54018 0.455566
0.395832 -0.101237 -0.00110313 -0.455548 0.541462 0.539 0.456919
0.408349 -0.101075 -0.00191568 -0.458543 0.538955 0.536457 0.459869
0.449191 -0.100637 -0.0037503 -0.467672 0.53103 0.528708 0.468784
0.467929 -0.100448 -0.00432512 -0.471365 0.527713 0.525523 0.472398
0.533502 -0.0997867 -0.00548143 -0.482555 0.517261 0.515608 0.483456
0.557702 -0.0995413 -0.00565394 -0.486163 0.513762 0.51231 0.487066
0.58269 -0.099288 -0.00572209 -0.489652 0.510317 0.509066 0.49058
0.6602 -0.0985167 -0.00539137 -0.499172 0.500622 0.499912 0.500293
0.686207 -0.0982688 -0.00514445 -0.501975 0.497688 0.497123 0.503187
0.711989 -0.0980317 -0.00485283 -0.504574 0.494936 0.494495 0.505884
0.737376 -0.0978089 -0.00453081 -0.506963 0.492384 0.492041 0.508372
0.786362 -0.0974182 -0.0038489 -0.5111 0.48792 0.4877 0.512699
0.809694 -0.0972549 -0.00351245 -0.512847 0.486023 0.485829 0.514528
0.837539 -0.0970841 -0.00311525 -0.514733 0.483974 0.483782 0.516502
0.873731 -0.0969103 -0.00262687 -0.516832 0.481704 0.481467 0.518687
0.892807 -0.0968455 -0.00239168 -0.517759 0.480714 0.48043 0.519641
0.910642 -0.0968052 -0.0021914 -0.518495 0.47994 0.479598 0.52039
0.942417 -0.0967942 -0.00189629 -0.51943 0.479005 0.478526 0.521305
0.956304 -0.0968206 -0.00179855 -0.519647 0.478824 0.47827 0.521491
0.96884 -0.0968659 -0.00173038 -0.519708 0.478818 0.478189 0.52151
0.980026 -0.0969282 -0.00168807 -0.519624 0.478973 0.478272 0.521375
0.989872 -0.0970054 -0.0016674 -0.519406 0.479276 0.478507 0.521097
1.0129 -0.0973341 -0.0016956 -0.517921 0.481094 0.480158 0.519379
1.01829 -0.0974824 -0.00172308 -0.517089 0.482063 0.481088 0.518449
1.0213 -0.0976062 -0.00174379 -0.51634 0.482919 0.481925 0.51762
1.02322 -0.0977329 -0.00175995 -0.515527 0.483837 0.482833 0.516726
1.0241 -0.0978613 -0.00176893 -0.514658 0.484807 0.483801 0.515778
1.024 -0.0979902 -0.00176862 -0.513742 0.485817 0.484819 0.514783
1.02113 -0.0982457 -0.00173434 -0.511801 0.487926 0.486965 0.512692
1.01848 -0.0983707 -0.00169873 -0.510793 0.489006 0.488074 0.511612
1.01418 -0.0985232 -0.0016365 -0.509513 0.490365 0.489475 0.510247
1.00655 -0.0987283 -0.00151785 -0.507713 0.492254 0.491436 0.508334
1.00012 -0.0988682 -0.00141298 -0.50644 0.493577 0.492815 0.506985
0.991561 -0.0990281 -0.00126901 -0.504947 0.495114 0.494424 0.505406
0.985437 -0.0991298 -0.00116447 -0.503982 0.496101 0.49546 0.504386
0.979054 -0.0992275 -0.00105506 -0.503049 0.497051 0.496459 0.503399
0.972476 -0.0993214 -0.000942536 -0.502151 0.49796 0.497418 0.502449
0.958964 -0.0994972 -0.000715011 -0.500479 0.499644 0.499196 0.50068
0.952139 -0.0995792 -0.000603281 -0.499713 0.500411 0.500009 0.499866
0.945337 -0.0996574 -0.00049489 -0.498996 0.501127 0.500768 0.499105
0.938603 -0.0997316 -0.000391138 -0.498332 0.50179 0.501471 0.498396
0.925509 -0.099868 -0.000201849 -0.497166 0.502949 0.502705 0.497147
0.919224 -0.0999301 -0.000117982 -0.496666 0.503445 0.503235 0.496609
0.913158 -0.099988 -4.20868e-05 -0.496222 0.503885 0.503707 0.496127
0.90734 -0.100042 2.54876e-05 -0.495833 0.504271 0.504121 0.495704
0.901795 -0.100091 8.45748e-05 -0.495499 0.504602 0.504479 0.495337
0.8897 -0.100179 0.000348773 -0.462658 0.535093 0.533656 0.463502
0.887436 -0.100222 0.000234572 -0.455875 0.541032 0.539052 0.457039
0.888242 -0.100242 2.44464e-05 -0.454377 0.542357 0.540164 0.455645
0.904929 -0.100262 -0.00143472 -0.457095 0.540238 0.537683 0.458371
0.916059 -0.100243 -0.00211294 -0.459855 0.537926 0.535354 0.461048
0.945429 -0.10015 -0.00345853 -0.466542 0.532153 0.529685 0.467531
0.958619 -0.100094 -0.00391542 -0.469264 0.529741 0.527352 0.470177
0.977811 -0.100001 -0.00445626 -0.47297 0.526396 0.524142 0.473794
0.998625 -0.0998869 -0.00490359 -0.476706 0.522957 0.520864 0.47746
1.04419 -0.0995998 -0.00548212 -0.484063 0.515982 0.51426 0.484751
1.06848 -0.0994314 -0.00561012 -0.487607 0.512524 0.511 0.4883
1.09347 -0.0992503 -0.00563644 -0.491023 0.509134 0.507805 0.491745
1.11895 -0.0990601 -0.00557008 -0.494285 0.505842 0.504701 0.495059
1.17055 -0.0986674 -0.00520734 -0.500281 0.499657 0.498849 0.50121
1.19627 -0.0984729 -0.00493846 -0.502988 0.496809 0.49614 0.504013
1.22172 -0.0982844 -0.00463042 -0.505491 0.494148 0.493595 0.506617
1.27112 -0.0979393 -0.00395207 -0.509863 0.48944 0.489051 0.511192
1.29479 -0.0977883 -0.0036068 -0.511729 0.487413 0.48707 0.513152
1.31761 -0.0976545 -0.00327173 -0.513383 0.48561 0.485291 0.514892
1.34479 -0.097514 -0.00288015 -0.515157 0.483675 0.483359 0.516756
1.3603 -0.0974446 -0.00266471 -0.516068 0.482683 0.482355 0.517711
1.39848 -0.0973161 -0.00217781 -0.517955 0.480648 0.480248 0.519675
1.41573 -0.0972823 -0.00198632 -0.518616 0.47995 0.479498 0.520353
1.44633 -0.0972716 -0.00170755 -0.519414 0.479151 0.478577 0.521141
1.45964 -0.0972923 -0.00161667 -0.519568 0.479029 0.478389 0.521271
1.47439 -0.0973396 -0.00154252 -0.519551 0.479113 0.478392 0.521209
1.48224 -0.0973781 -0.00151615 -0.519437 0.479279 0.478512 0.52106
1.49768 -0.0974927 -0.00149567 -0.518898 0.479962 0.4791 0.520426
1.50473 -0.0975709 -0.00150264 -0.518439 0.480515 0.479609 0.519905
1.51054 -0.0976563 -0.00151776 -0.517883 0.481169 0.480228 0.519283
1.51515 -0.0977473 -0.00153696 -0.517241 0.48191 0.480943 0.518573
1.52094 -0.0979406 -0.00157317 -0.515737 0.483611 0.48262 0.516927
1.52223 -0.0980404 -0.00158407 -0.514893 0.484549 0.483559 0.516012
1.52253 -0.098141 -0.00158695 -0.513999 0.485532 0.484551 0.515047
1.52039 -0.0983411 -0.00156196 -0.512095 0.487596 0.486657 0.513005
1.5174 -0.0984636 -0.00152267 -0.510849 0.488927 0.488026 0.511678
1.51505 -0.0985357 -0.00148996 -0.510089 0.489733 0.488858 0.51087
1.51135 -0.0986299 -0.00143584 -0.509068 0.490807 0.489973 0.509788
1.50221 -0.0988109 -0.00129388 -0.507029 0.492933 0.492187 0.507632
1.49692 -0.0988974 -0.00120807 -0.506025 0.49397 0.493273 0.506572
1.49124 -0.0989812 -0.00111414 -0.505039 0.494982 0.494334 0.505532
1.47894 -0.0991409 -0.000908152 -0.503146 0.49691 0.496362 0.503537
1.47082 -0.0992354 -0.00077197 -0.502031 0.498037 0.497551 0.502361
1.46583 -0.0992901 -0.000689212 -0.501393 0.498681 0.498231 0.501686
1.45912 -0.099361 -0.000579085 -0.500579 0.499499 0.499095 0.500825
1.45068 -0.099446 -0.000443954 -0.499628 0.500452 0.500103 0.499817
1.43895 -0.0995585 -0.000264372 -0.498428 0.501649 0.501373 0.49854
1.43075 -0.0996341 -0.000146104 -0.49767 0.502404 0.502175 0.497729
1.42594 -0.0996775 -8.00462e-05 -0.497257 0.502816 0.502613 0.497285
1.41365 -0.0997857 7.56137e-05 -0.496305 0.503762 0.503621 0.496256
1.40786 -0.0998353 0.000141424 -0.495912 0.504154 0.50404 0.495827
1.39708 -0.0999251 0.000248068 -0.495288 0.504775 0.504709 0.495137
1.39214 -0.0999649 0.000289018 -0.495055 0.505009 0.504962 0.494874
1.38541 -0.100009 0.000371608 -0.483933 0.515701 0.51524 0.484136
1.38012 -0.100043 0.000524643 -0.464673 0.533279 0.532052 0.465417
1.37892 -0.100093 0.000248401 -0.454472 0.542234 0.540145 0.45572
1.38269 -0.100106 -0.00016226 -0.453944 0.542756 0.540438 0.455277
1.38932 -0.100109 -0.000713075 -0.455034 0.541908 0.539446 0.456375
1.39872 -0.100099 -0.00135884 -0.457204 0.540129 0.537589 0.458502
1.42516 -0.100032 -0.00275012 -0.463359 0.534911 0.532376 0.464483
1.4418 -0.0999715 -0.00341502 -0.466917 0.531806 0.529341 0.46794
1.46044 -0.0998903 -0.00401729 -0.470626 0.528504 0.526148 0.471554
1.4862 -0.0997597 -0.00464899 -0.47535 0.5242 0.522023 0.476181
1.50848 -0.0996327 -0.00504041 -0.479126 0.520681 0.518673 0.479904
1.53804 -0.099448 -0.00537653 -0.483766 0.51626 0.514485 0.484511
1.57542 -0.0991947 -0.00555651 -0.489123 0.511022 0.509539 0.489883
1.60114 -0.0990115 -0.00555031 -0.492521 0.507625 0.506334 0.49332
1.65353 -0.0986269 -0.00528246 -0.498808 0.501193 0.500251 0.499745
1.6798 -0.0984332 -0.00504745 -0.501665 0.498207 0.497415 0.502693
1.70587 -0.0982438 -0.00476434 -0.504318 0.495402 0.494738 0.505445
1.73156 -0.0980622 -0.00444773 -0.50676 0.492794 0.492235 0.50799
1.78121 -0.097735 -0.00376865 -0.510995 0.488217 0.487799 0.512426
1.80489 -0.0975945 -0.00343044 -0.512787 0.486264 0.485883 0.514309
1.82765 -0.0974723 -0.00310663 -0.514365 0.484542 0.484175 0.515968
1.87001 -0.0972869 -0.00253187 -0.516891 0.481787 0.481394 0.518617
1.88945 -0.0972249 -0.00229109 -0.517852 0.48075 0.480321 0.519616
1.90765 -0.0971832 -0.00208515 -0.518619 0.479931 0.479455 0.520407
1.92857 -0.097159 -0.00187776 -0.519319 0.479203 0.478656 0.521116
1.94012 -0.0971585 -0.00177947 -0.519606 0.478916 0.478323 0.521398
1.95091 -0.0971679 -0.00169982 -0.5198 0.478737 0.478095 0.521578
1.98136 -0.0972627 -0.00155208 -0.519817 0.478847 0.478045 0.521505
1.98884 -0.0973074 -0.00153674 -0.519652 0.47907 0.478225 0.521301
1.99765 -0.0973764 -0.00153162 -0.519323 0.479485 0.478587 0.520916
2.01137 -0.0975403 -0.00155694 -0.51834 0.48066 0.479681 0.519803
2.01741 -0.0976555 -0.00158436 -0.517537 0.481591 0.480579 0.518912
2.02014 -0.0977279 -0.00160113 -0.516996 0.482208 0.481185 0.518316
