SOLL: 7.61516 -1.39982 4.97053
QOLhat: -0.509231 0.490638 0.48978 0.509974
2.11886 0.00135775 -0.00173078 -0.509231 0.490638 0.48978 0.509974
0 0 0 -0.509231 0.490638 0.48978 0.509974
-0.0735675 -0.00094884 0.00121291 -0.49841 0.501664 0.501386 0.49853
-0.0867942 -0.00107239 0.00140406 -0.497218 0.502852 0.502649 0.497251
-0.0931528 -0.00113027 0.0014888 -0.496705 0.503362 0.503192 0.496698
-0.105195 -0.00123759 0.00163372 -0.495848 0.504215 0.504103 0.495764
-0.106628 -0.00125017 0.00164943 -0.495757 0.504306 0.5042 0.495664
-0.117986 -0.00305073 -0.00351598 -0.493394 0.535854 0.504978 0.463056
-0.123609 -0.00382351 -0.00774569 -0.492543 0.558793 0.503231 0.438076
-0.126303 0.00213096 -0.0114952 -0.492083 0.573656 0.500993 0.421639
-0.116082 0.0207516 -0.0138278 -0.491823 0.574726 0.500425 0.421158
-0.107094 0.0330211 -0.0145092 -0.491854 0.572107 0.500544 0.424533
-0.0922607 0.0515515 -0.0150988 -0.491998 0.567111 0.500849 0.430666
-0.0815717 0.0642387 -0.0153137 -0.492126 0.563452 0.501072 0.435041
-0.0472389 0.103077 -0.0153425 -0.492562 0.552126 0.501673 0.448179
-0.0272993 0.124816 -0.0150415 -0.492805 0.545905 0.501934 0.455184
-0.00581277 0.1478 -0.0145252 -0.493052 0.539473 0.502151 0.462291
0.0169892 0.1718 -0.0137988 -0.493293 0.532928 0.502315 0.469393
0.0656167 0.221947 -0.0117752 -0.493741 0.519832 0.502468 0.48324
0.0909908 0.247656 -0.0105238 -0.493943 0.51343 0.502454 0.489847
0.116782 0.27351 -0.00915146 -0.494131 0.507211 0.50238 0.496171
0.142784 0.299313 -0.007691 -0.494307 0.501233 0.502251 0.502166
0.194652 0.350045 -0.00464215 -0.494635 0.490191 0.50184 0.513036
0.22647 0.380693 -0.00274558 -0.494833 0.484022 0.501496 0.519003
0.269552 0.421608 -0.00023297 -0.49512 0.476458 0.500932 0.526224
0.31587 0.464798 0.00228516 -0.495478 0.469452 0.500211 0.532828
0.34286 0.489541 0.00360843 -0.495726 0.465986 0.499743 0.536069
0.368131 0.512385 0.00471407 -0.495994 0.463219 0.499276 0.538648
0.404658 0.544746 0.00601183 -0.496465 0.460198 0.498561 0.541458
0.421009 0.558925 0.00644606 -0.496718 0.459304 0.498229 0.54229
0.439588 0.574742 0.006799 -0.497047 0.458725 0.497845 0.542831
0.449727 0.583214 0.00691621 -0.497249 0.458648 0.497634 0.542905
0.462063 0.593328 0.00697189 -0.497522 0.458837 0.497377 0.542731
0.482693 0.609584 0.0067879 -0.498064 0.460102 0.496956 0.541547
0.491015 0.615785 0.00657632 -0.498329 0.461115 0.496793 0.540591
0.498041 0.620751 0.00630349 -0.498585 0.46234 0.496661 0.539428
0.508348 0.627166 0.00562519 -0.49907 0.465327 0.496484 0.536567
0.511714 0.62872 0.00524285 -0.499294 0.467041 0.496436 0.534911
0.514344 0.629227 0.00474465 -0.499555 0.469347 0.496412 0.532666
0.515121 0.628811 0.00444148 -0.499701 0.470804 0.496415 0.531239
0.514477 0.625298 0.00364429 -0.500043 0.47489 0.496481 0.527203
0.512791 0.622357 0.00326307 -0.500189 0.477008 0.496542 0.525091
0.510285 0.618716 0.00289974 -0.500316 0.479153 0.49662 0.522938
0.507026 0.614446 0.00255774 -0.500426 0.48131 0.496713 0.52076
0.503085 0.609616 0.00223957 -0.500518 0.483461 0.496818 0.518573
0.493436 0.598551 0.00168032 -0.500651 0.487694 0.497061 0.514231
0.486411 0.590878 0.00138423 -0.500701 0.490254 0.49723 0.511578
0.47559 0.579444 0.00103674 -0.500734 0.493678 0.497481 0.507996
0.469013 0.57266 0.000871216 -0.500735 0.495533 0.49763 0.50604
0.462228 0.565769 0.000727831 -0.500724 0.497303 0.497781 0.504162
0.44828 0.551878 0.000500473 -0.500673 0.500563 0.498086 0.500674
0.441229 0.544981 0.000412841 -0.500635 0.502041 0.498237 0.499078
0.434197 0.538177 0.000340171 -0.500591 0.503413 0.498388 0.497588
0.425507 0.529868 0.000267815 -0.500528 0.504973 0.498572 0.495883
0.42038 0.525015 0.000233101 -0.500487 0.505826 0.498681 0.494945
0.407172 0.512684 0.000167569 -0.50037 0.507788 0.49896 0.492767
0.400889 0.506906 0.000147511 -0.500309 0.508601 0.499093 0.491855
0.394859 0.501418 0.000134783 -0.500248 0.509303 0.499222 0.49106
0.38772 0.494997 0.000128245 -0.500171 0.510028 0.499375 0.49023
0.382352 0.490231 0.000129986 -0.500111 0.510488 0.499492 0.489692
0.377311 0.48581 0.000137627 -0.500052 0.510847 0.499603 0.489264
0.37149 0.480779 0.000155269 -0.499982 0.511159 0.499734 0.488878
0.364273 0.474683 0.000194992 -0.49989 0.511354 0.499901 0.488596
0.360649 0.471697 0.00022565 -0.499841 0.511349 0.499988 0.488562
0.357391 0.469073 0.000262185 -0.499795 0.511266 0.50007 0.488612
0.351969 0.464883 0.000353004 -0.499715 0.510889 0.500213 0.488943
0.349797 0.463303 0.000407276 -0.49968 0.510607 0.500275 0.489209
0.347974 0.462053 0.000467396 -0.499648 0.510271 0.500331 0.489535
0.345596 0.46062 0.000586352 -0.499601 0.50957 0.500414 0.490227
0.34468 0.460209 0.000661871 -0.499579 0.509115 0.500454 0.490681
0.34375 0.460202 0.000828008 -0.499546 0.508111 0.500516 0.491692
0.343705 0.460572 0.000917827 -0.499534 0.507572 0.500539 0.492236
0.34401 0.461351 0.00103543 -0.499524 0.506875 0.50056 0.492944
0.344372 0.461972 0.00110838 -0.49952 0.506447 0.500569 0.493378
0.345927 0.464127 0.00130924 -0.499518 0.505288 0.50058 0.494555
0.346992 0.46544 0.00141174 -0.499521 0.504708 0.500579 0.495146
0.348555 0.467267 0.00154029 -0.499529 0.503988 0.500572 0.495878
0.349603 0.468448 0.00161706 -0.499535 0.503562 0.500564 0.496311
0.351112 0.470106 0.00171831 -0.499546 0.503005 0.500551 0.496878
0.352731 0.471843 0.00181759 -0.499559 0.502463 0.500535 0.49743
0.35669 0.475954 0.00203001 -0.499595 0.50131 0.500488 0.498603
0.358081 0.477363 0.00209643 -0.499609 0.50095 0.50047 0.498969
0.359972 0.479254 0.00218085 -0.499629 0.500491 0.500443 0.499436
0.362373 0.48162 0.00227899 -0.499656 0.499954 0.500408 0.499983
0.365272 0.484428 0.00238473 -0.499689 0.499367 0.500362 0.500581
0.367194 0.486263 0.00244736 -0.499713 0.499011 0.50033 0.500943
0.369094 0.488056 0.00250337 -0.499737 0.498686 0.500298 0.501276
0.372782 0.491479 0.00259479 -0.499786 0.498124 0.500233 0.50185
0.374551 0.493094 0.00263001 -0.499811 0.497888 0.5002 0.502091
0.376258 0.494634 0.00265825 -0.499836 0.497683 0.500168 0.502303
0.378293 0.496448 0.00268382 -0.499866 0.497466 0.500129 0.502526
0.380577 0.498449 0.00270064 -0.499902 0.497265 0.500083 0.502735
0.379854 0.497536 -0.00410596 -0.4979 0.536938 0.500091 0.462278
0.381314 0.498618 -0.0076122 -0.497726 0.554842 0.498358 0.442784
0.391309 0.507889 -0.0109683 -0.497941 0.566887 0.496369 0.429314
0.399825 0.516134 -0.0119716 -0.498059 0.567883 0.496012 0.428274
0.410677 0.526792 -0.0126936 -0.498207 0.566694 0.495948 0.429749
0.423777 0.539776 -0.0131785 -0.498375 0.563839 0.496097 0.433123
0.438984 0.554944 -0.013457 -0.498546 0.559788 0.496382 0.437828
0.475009 0.591091 -0.0134402 -0.498845 0.549437 0.497135 0.449588
0.495432 0.611658 -0.0131461 -0.498957 0.543578 0.497528 0.456105
0.517184 0.633596 -0.0126612 -0.499037 0.537464 0.497901 0.462806
0.54005 0.656681 -0.0119901 -0.499081 0.531207 0.498243 0.469565
0.588271 0.705401 -0.0101381 -0.499057 0.518625 0.498806 0.482871
0.619492 0.736949 -0.00869226 -0.498968 0.510934 0.499066 0.490826
0.638424 0.756073 -0.00774365 -0.498892 0.506449 0.499188 0.495407
0.68895 0.807072 -0.00502531 -0.498621 0.495165 0.499392 0.506751
0.713909 0.832232 -0.00362094 -0.498461 0.489978 0.499433 0.511884
0.738451 0.856944 -0.00222663 -0.498292 0.485144 0.499438 0.516625
0.762433 0.881058 -0.000870354 -0.498123 0.480693 0.499411 0.520957
0.829761 0.948531 0.00273541 -0.497665 0.46983 0.499187 0.531414
0.855286 0.973997 0.00395027 -0.497519 0.466451 0.499052 0.534646
0.892484 1.01096 0.00547091 -0.497357 0.462445 0.498815 0.538483
0.909279 1.02757 0.0060286 -0.497314 0.46107 0.498696 0.539811
0.924816 1.04289 0.00645271 -0.497295 0.460092 0.49858 0.540768
0.939066 1.05689 0.00674818 -0.497301 0.459495 0.498472 0.54137
0.963651 1.08088 0.00698485 -0.497381 0.459352 0.498285 0.541591
0.985075 1.10155 0.00677758 -0.497559 0.460645 0.498136 0.540465
0.997293 1.11315 0.00635986 -0.497744 0.462503 0.49807 0.538765
1.0026 1.11809 0.00604992 -0.497863 0.463834 0.498052 0.537527
1.00758 1.12263 0.00561169 -0.498019 0.465728 0.498048 0.535745
1.01165 1.1261 0.00493964 -0.498246 0.468731 0.498075 0.532882
1.01256 1.12668 0.00454154 -0.498376 0.470595 0.498106 0.531086
1.01233 1.12606 0.00404382 -0.498536 0.47304 0.498158 0.528709
1.01152 1.12504 0.00374991 -0.49863 0.474556 0.498196 0.527224
1.00711 1.1201 0.00300227 -0.498868 0.478715 0.498314 0.523112
1.00381 1.11657 0.00265548 -0.498978 0.480826 0.498382 0.521002
0.999855 1.11241 0.00233047 -0.499082 0.482938 0.498453 0.518877
0.99029 1.1025 0.00175194 -0.499269 0.487106 0.498602 0.51464
0.986218 1.09833 0.00156044 -0.499332 0.488634 0.498659 0.513073
0.975906 1.08782 0.00116713 -0.499462 0.492083 0.498793 0.509507
0.972788 1.08466 0.00106809 -0.499496 0.493033 0.498831 0.508518
0.961434 1.0732 0.000765101 -0.4996 0.496211 0.498961 0.505186
0.954728 1.06647 0.000620259 -0.499651 0.497912 0.499033 0.503388
0.941106 1.05284 0.000384611 -0.499736 0.501033 0.49917 0.500059
0.934293 1.04605 0.000290472 -0.499772 0.502442 0.499235 0.498542
0.927543 1.03934 0.000209986 -0.499802 0.503747 0.499297 0.497131
0.914401 1.02633 8.42333e-05 -0.499853 0.506031 0.499414 0.494637
0.906539 1.01857 2.59454e-05 -0.499877 0.507235 0.499481 0.493309
0.901985 1.01409 -2.53985e-06 -0.49989 0.507875 0.49952 0.492598
0.896128 1.00833 -3.36362e-05 -0.499905 0.508632 0.499569 0.491751
0.890541 1.00286 -5.74199e-05 -0.499917 0.509282 0.499616 0.491018
0.88026 0.992828 -8.46986e-05 -0.499937 0.510267 0.499703 0.489885
0.875599 0.988302 -8.86627e-05 -0.499944 0.51061 0.499744 0.489479
0.871275 0.984118 -8.62972e-05 -0.49995 0.510857 0.499783 0.489176
0.867296 0.980283 -7.75848e-05 -0.499954 0.511013 0.499819 0.488971
0.862816 0.975988 -5.76559e-05 -0.499958 0.511087 0.499863 0.488845
0.857474 0.970909 -1.25361e-05 -0.499961 0.510984 0.499919 0.488893
0.854905 0.968492 2.23916e-05 -0.499961 0.510826 0.499948 0.489027
0.852182 0.965957 7.54196e-05 -0.49996 0.51054 0.499983 0.489291
0.850802 0.96469 0.000112205 -0.499959 0.510325 0.500002 0.489497
0.847764 0.961981 0.000244471 -0.499954 0.509513 0.500055 0.490294
0.847103 0.961426 0.000295632 -0.499952 0.509194 0.50007 0.490612
0.846137 0.96073 0.000448141 -0.499945 0.508252 0.500106 0.491558
0.846061 0.960781 0.000532458 -0.499941 0.50774 0.500121 0.492075
0.846235 0.961077 0.000621521 -0.499937 0.507208 0.500135 0.492614
0.846779 0.961763 0.000738651 -0.499932 0.506522 0.500149 0.49331
0.848088 0.963252 0.000911167 -0.499925 0.505537 0.500164 0.494311
0.849089 0.964346 0.00101289 -0.499922 0.504969 0.50017 0.494888
0.850253 0.965594 0.00111593 -0.499918 0.504403 0.500175 0.495463
0.851561 0.966978 0.0012195 -0.499916 0.503843 0.500178 0.496033
0.85337 0.968871 0.00134848 -0.499913 0.503155 0.500179 0.496732
0.854536 0.970081 0.001425 -0.499911 0.502752 0.500178 0.497142
0.857878 0.973516 0.0016231 -0.499908 0.501722 0.500173 0.49819
0.860093 0.975771 0.00174054 -0.499908 0.501119 0.500167 0.498804
0.861453 0.97715 0.00180798 -0.499908 0.500773 0.500162 0.499155
0.863289 0.979004 0.00189385 -0.499908 0.500334 0.500155 0.499602
0.86514 0.980864 0.00197459 -0.49991 0.499921 0.500147 0.500022
0.868829 0.984551 0.00211888 -0.499913 0.499176 0.500128 0.500781
0.872425 0.988116 0.00223794 -0.499919 0.498546 0.500107 0.501423
0.874588 0.990248 0.00229872 -0.499924 0.498212 0.500093 0.501765
0.875846 0.991484 0.00233003 -0.499927 0.498033 0.500084 0.501948
0.879025 0.994589 0.00239455 -0.499937 0.497637 0.500061 0.502355
0.878361 0.993888 -0.00439393 -0.497905 0.53726 0.500069 0.461924
0.879893 0.995195 -0.00788753 -0.497715 0.55513 0.498341 0.442454
0.885153 1.00017 -0.0102452 -0.497834 0.564567 0.496881 0.431897
0.890065 1.00495 -0.0112209 -0.497906 0.567094 0.496377 0.429074
0.898683 1.01345 -0.012213 -0.498013 0.568039 0.496036 0.428092
0.922857 1.03761 -0.0133977 -0.498307 0.563895 0.496153 0.433064
0.93818 1.05303 -0.0136658 -0.498468 0.5598 0.496453 0.437822
0.955439 1.07046 -0.0137419 -0.498619 0.554874 0.496826 0.443462
0.974441 1.08968 -0.0136285 -0.49875 0.549373 0.497227 0.44967
1.01685 1.13266 -0.0128282 -0.498928 0.537337 0.498006 0.462958
1.03983 1.15597 -0.0121462 -0.498967 0.531052 0.498352 0.469746
1.06371 1.1802 -0.0112888 -0.498969 0.524719 0.498658 0.476488
1.0945 1.21142 -0.0099967 -0.498919 0.516859 0.498977 0.484725
1.11332 1.2305 -0.00912085 -0.498864 0.512227 0.499133 0.489515
1.13229 1.24973 -0.00818322 -0.498791 0.507691 0.499263 0.49416
1.19564 1.31384 -0.00477305 -0.498451 0.493561 0.499512 0.508362
1.21439 1.33278 -0.00371476 -0.498329 0.489695 0.499537 0.512182
1.26307 1.38184 -0.000956458 -0.497995 0.480398 0.499505 0.521261
1.28065 1.39953 2.1902e-05 -0.497872 0.477323 0.499463 0.524235
1.32526 1.44426 0.00238484 -0.497579 0.470293 0.49929 0.530989
1.34612 1.46511 0.00340071 -0.497458 0.467432 0.499179 0.533726
1.36591 1.48483 0.0042903 -0.497359 0.465007 0.499059 0.536043
1.38902 1.5078 0.00521462 -0.497269 0.462583 0.498902 0.538366
1.41425 1.53275 0.00604305 -0.497213 0.460535 0.498713 0.540344
1.42949 1.54775 0.00642819 -0.497207 0.459668 0.498593 0.541198
1.44671 1.56462 0.00673138 -0.497234 0.45911 0.498454 0.541775
1.45605 1.57374 0.00682444 -0.497267 0.459039 0.498378 0.541875
1.46736 1.58472 0.00685376 -0.497329 0.45923 0.498288 0.541739
1.48607 1.60271 0.00663397 -0.497505 0.460482 0.498148 0.540641
1.49351 1.60976 0.00641145 -0.497614 0.461481 0.4981 0.539733
1.4997 1.61557 0.0061314 -0.497733 0.462688 0.498067 0.53862
1.50468 1.62016 0.0058062 -0.497859 0.464079 0.498048 0.537323
1.50928 1.62428 0.00535359 -0.498024 0.466038 0.498043 0.535475
1.51309 1.62735 0.00456918 -0.498295 0.469585 0.498077 0.532083
1.51346 1.62738 0.00416755 -0.498429 0.471507 0.49811 0.530223
1.5129 1.62648 0.00376925 -0.498561 0.473504 0.498152 0.528276
1.51146 1.62473 0.00338018 -0.498689 0.475558 0.498202 0.526259
1.50352 1.61604 0.00239454 -0.499013 0.481362 0.498373 0.520482
