52.600000 -0.008365 1.783565 0.097513 -0.009849 -0.623638 0.781621 -0.006828
53.601000 -0.011417 4.324676 -0.248656 -0.010875 -0.629336 0.777045 -0.004480
54.601000 0.002303 4.238631 -0.659332 -0.008835 -0.692032 0.721783 -0.006503
55.601000 0.002680 4.247319 -0.521891 -0.009132 -0.653960 0.756451 -0.005860
60.714000 -0.000169 4.245377 -0.427529 0.008445 0.741804 -0.670531 0.006669
61.760000 -0.022078 4.410067 0.615539 -0.009464 -0.601162 0.799057 -0.004861
62.797000 -0.018981 4.382603 0.464884 -0.009027 -0.672276 0.740223 -0.005774
63.812000 0.397884 4.354124 0.335460 -0.037083 -0.673461 0.738028 0.019763
64.861000 1.246538 4.371101 0.439497 0.041437 -0.657528 0.750855 -0.046444
65.913000 0.977054 4.380120 0.419080 -0.024335 -0.664742 0.746635 0.007947
66.916000 0.113310 4.293255 -0.163479 0.074292 -0.551307 0.828695 -0.061695
67.917000 -1.561380 4.020394 -2.153003 0.117525 0.768604 -0.623220 -0.083861
68.963000 -1.038635 4.117883 -1.873458 0.021716 -0.646498 0.761987 -0.030721
69.967000 -0.885769 4.175176 -1.565346 0.002448 -0.647247 0.762179 -0.012170
70.974000 -1.031831 4.155068 -1.688656 -0.018218 -0.672778 0.739615 0.002879
76.043000 -0.369912 4.140799 -1.596812 -0.004274 -0.663736 0.747892 -0.009658
77.090000 0.354038 3.600207 -1.528218 -0.055751 0.761368 -0.640911 0.080270
