SOLL: 1.93983 0.0981785 4.80057
QOLhat: -0.533536 0.460317 0.45658 0.543122
-0.112694 -0.00960831 0.000314944 -0.516217 0.48323 0.480892 0.518412
-0.156666 -0.00672538 0.0186824 -0.492311 0.507606 0.507529 0.492321
-0.169666 -0.011612 0.0231053 -0.49035 0.509593 0.509652 0.490027
-0.19077 -0.0141311 0.0263067 -0.489576 0.510405 0.510513 0.489058
-0.199778 -0.00898434 0.025698 -0.489137 0.510925 0.51106 0.488382
-0.234304 -0.017854 0.0321429 -0.489265 0.510858 0.510993 0.488395
-0.243905 -0.0102832 0.0323578 -0.489963 0.510245 0.510366 0.488993
-0.254061 -0.0165783 0.0300457 -0.49069 0.509561 0.509671 0.4897
-0.257836 -0.0155541 0.0260129 -0.492057 0.508233 0.508332 0.491098
-0.255157 -0.01978 0.0232495 -0.493092 0.507205 0.507302 0.492187
-0.256707 -0.0132422 0.0276982 -0.494732 0.505545 0.505648 0.493947
-0.249251 -0.023288 0.0220821 -0.495836 0.504412 0.504524 0.495147
-0.256628 -0.0138396 0.0259915 -0.497433 0.502753 0.50288 0.496903
-0.230681 -0.022664 0.0227223 -0.498423 0.501712 0.50185 0.498001
-0.22998 -0.0167124 0.0199074 -0.499853 0.500198 0.500348 0.4996
-0.229261 -0.00864816 0.0208618 -0.500425 0.499588 0.499742 0.500244
-0.226703 -0.00620277 0.0174206 -0.501316 0.498636 0.498789 0.501253
-0.198163 -0.0150306 0.0204745 -0.502045 0.497852 0.497997 0.502089
-0.20304 -0.00724112 0.0160332 -0.502393 0.497477 0.497613 0.502493
-0.18991 -0.0080247 0.040343 -0.472331 0.526206 0.525234 0.473434
-0.192075 -0.00137709 0.0605619 -0.440038 0.55431 0.550459 0.442835
-0.177038 0.00956864 0.0696223 -0.429726 0.56318 0.556767 0.43379
-0.135665 0.01792 0.0540569 -0.433691 0.560402 0.553243 0.437932
-0.0844761 0.0144701 0.0272545 -0.444097 0.552177 0.544959 0.448216
-0.0116098 -0.000711617 0.00396685 -0.462147 0.536687 0.530372 0.465931
0.0926178 0.000683637 -0.0149651 -0.474828 0.524976 0.519614 0.478477
0.201689 0.0058395 -0.0226497 -0.492855 0.507139 0.503262 0.49662
0.325045 -0.00502733 -0.0159149 -0.503501 0.49593 0.492868 0.507564
0.48199 -0.0133789 0.00737661 -0.516751 0.48128 0.478986 0.52145
0.570741 -0.0113452 0.0260942 -0.524369 0.472541 0.470449 0.529547
0.706108 -0.0121632 0.05596 -0.531461 0.464307 0.462081 0.537074
0.773319 -0.0221182 0.0776704 -0.534358 0.461018 0.458539 0.540061
0.860232 -0.0316524 0.0813871 -0.536232 0.45916 0.456216 0.541751
0.914721 -0.00764948 0.0917274 -0.536026 0.459719 0.456495 0.541246
0.989764 -0.0280353 0.0980387 -0.534644 0.461703 0.458268 0.539423
0.992626 -0.0267341 0.0740295 -0.531341 0.465947 0.462465 0.53544
1.02674 -0.0351399 0.0542536 -0.528036 0.469946 0.466607 0.531608
1.05419 -0.0306748 0.0402182 -0.524209 0.47439 0.47132 0.527273
1.03077 -0.0146477 0.0177283 -0.51858 0.480662 0.47809 0.521027
1.00998 -0.0167502 0.00314022 -0.514675 0.484868 0.482678 0.516754
0.991565 -0.0192764 -0.0260354 -0.508878 0.490939 0.489334 0.510465
0.967105 -0.0057354 -0.0342284 -0.505209 0.494694 0.493459 0.506497
0.914806 -0.0229477 -0.0369422 -0.500223 0.499716 0.498966 0.501093
0.889037 -0.0170482 -0.0535148 -0.497344 0.502586 0.502099 0.497948
0.857832 -0.0168669 -0.0649899 -0.493811 0.5061 0.505912 0.494031
0.80825 -0.0133281 -0.0689743 -0.491818 0.508093 0.508057 0.491767
0.795725 -0.0248069 -0.0702638 -0.490391 0.509544 0.509604 0.490088
0.779789 -0.00809635 -0.0692604 -0.489272 0.510733 0.510861 0.488658
0.740489 -0.00988488 -0.0805753 -0.489083 0.510987 0.511127 0.488302
0.718677 0.00128023 -0.0720811 -0.48926 0.510872 0.511008 0.488369
0.720429 -0.00701513 -0.0663687 -0.490019 0.510198 0.510318 0.489035
0.684791 -0.0109009 -0.0656074 -0.490778 0.509481 0.50959 0.489779
0.695887 0.00248686 -0.0632033 -0.492181 0.508115 0.508213 0.49122
0.698672 -0.00808064 -0.0596391 -0.493232 0.507069 0.507165 0.492329
0.702029 -0.0111614 -0.0532195 -0.494886 0.505391 0.505494 0.494108
0.70864 -0.00337775 -0.048274 -0.496401 0.503831 0.503947 0.495761
0.708324 -0.00293912 -0.0457611 -0.497457 0.502729 0.502856 0.496925
0.715434 -0.00815001 -0.0411771 -0.498916 0.501194 0.501336 0.498547
0.726894 -0.01577 -0.0364215 -0.49978 0.500278 0.500427 0.499515
0.744564 -0.0160438 -0.0337108 -0.500884 0.4991 0.499254 0.500759
0.757444 -0.00765944 -0.0358823 -0.501481 0.498459 0.498612 0.501439
0.768824 -0.0114784 -0.0303792 -0.502166 0.497722 0.497866 0.502226
0.776991 -0.00729264 -0.0239916 -0.502484 0.497379 0.497513 0.502598
0.778737 -0.0091344 -0.0277973 -0.502766 0.497073 0.497188 0.502941
0.784092 -0.012714 0.0911762 -0.537959 0.458926 0.459097 0.537789
0.763641 -0.0156506 0.156725 -0.556814 0.43536 0.432365 0.559893
0.73593 -0.0209267 0.173641 -0.55998 0.430001 0.423554 0.56756
0.7278 -0.0267777 0.154135 -0.555137 0.436121 0.427891 0.564385
0.677884 0.00157299 0.0926972 -0.542589 0.452354 0.442594 0.552343
0.596221 -0.0101708 0.0565944 -0.532454 0.464818 0.455058 0.541627
0.481707 -0.0217812 0.00733225 -0.516103 0.483387 0.474976 0.523806
0.357073 -0.00561316 -0.0115516 -0.505099 0.494868 0.487953 0.511745
0.218741 -0.00974228 -0.0250966 -0.489511 0.509919 0.505585 0.494718
0.0951323 -0.00120071 -0.0224632 -0.480309 0.518239 0.515586 0.484667
-0.0154212 0.0109207 -0.00012754 -0.469884 0.527263 0.526626 0.473147
-0.125601 0.00703605 0.0281031 -0.463055 0.533019 0.533812 0.465313
-0.211361 0.00599667 0.0511285 -0.45839 0.536985 0.538963 0.459396
-0.27571 -0.00517489 0.0671171 -0.457332 0.537991 0.540465 0.457504
-0.324793 -0.000811028 0.0765301 -0.458414 0.537364 0.54022 0.457448
-0.393598 -0.0101811 0.0884325 -0.460542 0.535774 0.538699 0.458967
-0.405005 -0.0021258 0.0866638 -0.465183 0.532078 0.534928 0.462979
-0.430846 -0.00284509 0.0828724 -0.468947 0.528941 0.531673 0.466512
-0.449053 -0.0085366 0.078024 -0.475199 0.52352 0.526033 0.472654
-0.450762 -0.0104369 0.0715747 -0.479565 0.519598 0.521954 0.477073
-0.420741 -0.012446 0.054396 -0.486081 0.513559 0.515667 0.483807
-0.412572 -0.0183149 0.0500551 -0.490239 0.5096 0.511527 0.488173
-0.381807 -0.0129084 0.0375247 -0.49597 0.504025 0.505646 0.494261
-0.334532 -0.00882395 0.0234971 -0.499355 0.500677 0.502066 0.497892
-0.313717 -0.0143895 0.0198118 -0.503664 0.496371 0.497374 0.50255
-0.281742 -0.0175543 0.0177367 -0.505989 0.494038 0.494767 0.505082
-0.239901 -0.00488218 0.0150985 -0.50864 0.491387 0.491702 0.507989
-0.197126 -0.00800596 0.00893127 -0.509862 0.490182 0.490233 0.509347
-0.19022 -0.00390821 0.00689018 -0.51093 0.489164 0.488863 0.510571
-0.174724 -0.0172438 0.0127439 -0.511178 0.488962 0.488466 0.510896
-0.155179 -0.00492205 0.00770807 -0.510902 0.489316 0.488588 0.510716
-0.144363 -0.00698164 0.0123228 -0.510463 0.489792 0.488985 0.510319
-0.12103 -0.0190118 0.0101458 -0.509348 0.49095 0.490083 0.509266
-0.122353 -0.0112796 0.0114607 -0.508412 0.491898 0.491036 0.508367
-0.126989 -0.0149302 0.0160162 -0.50682 0.493481 0.492683 0.506828
-0.137153 -0.0137606 0.0177606 -0.505687 0.494589 0.493862 0.50573
-0.136734 -0.0043618 0.0132997 -0.50397 0.496247 0.495656 0.504062
-0.144249 -0.0214793 0.0116474 -0.502858 0.49731 0.496819 0.502979
-0.158112 -0.0112615 0.0157866 -0.501305 0.498781 0.498445 0.501461
-0.153077 -0.0195326 0.0148407 -0.500376 0.499655 0.499419 0.500549
-0.170418 -0.00275547 0.0173973 -0.499179 0.500776 0.500677 0.499366
-0.175117 -0.00555695 0.0192491 -0.4986 0.501317 0.501287 0.498789
-0.180558 -0.00356515 0.0197692 -0.497933 0.501939 0.501995 0.498117
-0.187153 -0.0105807 0.0228578 -0.497452 0.502387 0.502512 0.497625
-0.186051 -0.0140091 0.0257548 -0.497109 0.502708 0.502891 0.497261
-0.205591 -0.000764389 -0.0062294 -0.525862 0.472657 0.473365 0.525348
-0.197364 -0.0150934 -0.0249116 -0.555119 0.437499 0.434636 0.558147
-0.230801 -0.000362774 -0.0380731 -0.556744 0.43478 0.430049 0.562192
-0.278758 0.00594377 -0.0395668 -0.549344 0.444031 0.437098 0.556778
-0.332444 -0.0209227 -0.0424647 -0.540863 0.454739 0.446996 0.54852
-0.431786 -0.000320215 -0.0322403 -0.525817 0.472685 0.46505 0.532742
-0.536894 -0.0132736 -0.00808911 -0.513773 0.485953 0.479292 0.519775
-0.669788 -0.00899364 0.0232207 -0.501815 0.49822 0.493008 0.506854
-0.794631 -0.00927696 0.0785537 -0.488192 0.51123 0.50803 0.492157
-0.908646 0.00246634 0.129621 -0.478489 0.519964 0.51835 0.481663
-1.02254 -0.00884066 0.195068 -0.467627 0.529336 0.529635 0.469698
-1.09691 -0.021269 0.232442 -0.463058 0.533204 0.534395 0.464427
-1.19428 -0.0140392 0.272779 -0.459297 0.536449 0.538567 0.45958
-1.26831 -0.0138771 0.295185 -0.458723 0.537054 0.539544 0.458299
-1.31478 -0.0244037 0.306676 -0.460309 0.535964 0.538715 0.458961
-1.36192 -0.0229831 0.29704 -0.462619 0.534166 0.536943 0.460806
-1.36156 -0.0254062 0.279663 -0.467364 0.530276 0.532958 0.465117
-1.40965 -0.0167154 0.270947 -0.470627 0.527497 0.530082 0.468264
-1.42623 -0.0119068 0.24197 -0.475681 0.523056 0.52548 0.473297
-1.3978 -0.00510671 0.199523 -0.482016 0.517288 0.519504 0.47978
-1.41229 -0.0314645 0.181858 -0.486207 0.513361 0.515429 0.484145
-1.39493 -0.0289513 0.142102 -0.492177 0.507633 0.509448 0.490442
-1.36849 -0.00988079 0.125132 -0.495823 0.504066 0.505686 0.494326
-1.34433 -0.0200816 0.100401 -0.500635 0.499295 0.500579 0.499489
-1.2963 -0.0281177 0.0839022 -0.503345 0.496587 0.497621 0.502413
-1.27484 -0.0328087 0.0692615 -0.50661 0.493323 0.493957 0.50595
-1.2497 -0.0257416 0.0547322 -0.508247 0.491698 0.492063 0.507733
-1.22267 -0.0184847 0.0421681 -0.509918 0.490071 0.490053 0.50957
-1.18954 -0.0321335 0.0394324 -0.510542 0.489493 0.489248 0.510274
-1.17992 -0.0195092 0.0379659 -0.510824 0.489281 0.488796 0.510629
-1.16418 -0.0137716 0.0421029 -0.510479 0.489716 0.48901 0.510351
-1.16113 -0.0250659 0.0413756 -0.509862 0.490387 0.48959 0.509768
-1.15375 -0.0237154 0.0495088 -0.509111 0.491172 0.490337 0.509044
-1.14861 -0.0187666 0.0531664 -0.507724 0.492583 0.491755 0.507696
-1.15298 -0.025933 0.0587211 -0.506681 0.493623 0.492835 0.506679
-1.11229 -0.0263842 0.063428 -0.505032 0.49524 0.494554 0.50507
-1.14682 -0.0307378 0.0691125 -0.503924 0.496312 0.495712 0.503988
-1.14852 -0.0211347 0.0752162 -0.502324 0.497843 0.497386 0.502424
-1.14524 -0.0304808 0.0788815 -0.501334 0.498782 0.498423 0.501453
-1.16274 -0.026075 0.0949922 -0.500011 0.500026 0.49981 0.500152
-1.1784 -0.0260464 0.092062 -0.499257 0.500731 0.500602 0.499407
-1.18681 -0.0162955 0.0990597 -0.498338 0.501587 0.501573 0.498492
-1.18684 -0.0181643 0.10878 -0.497871 0.502021 0.50207 0.498022
-1.19708 0.00455782 0.108016 -0.497384 0.502471 0.502596 0.497523
-1.21804 -0.00499985 0.10746 -0.497195 0.502646 0.502808 0.497322
-1.22567 -0.0116318 -0.095582 -0.537616 0.459405 0.459576 0.537313
-1.19932 -0.0100424 -0.191984 -0.553624 0.439599 0.437247 0.555939
-1.19166 -0.021126 -0.215853 -0.556282 0.435286 0.430104 0.562216
-1.23931 -0.00414486 -0.174599 -0.54751 0.446382 0.439147 0.555092
-1.31646 -0.0119082 -0.152022 -0.540978 0.454605 0.446823 0.548658
-1.40704 -0.000554664 -0.0733759 -0.525939 0.472551 0.464876 0.532891
-1.55016 -0.0118586 -0.0151102 -0.515242 0.484389 0.477553 0.521378
-1.62823 -0.0221975 0.0936624 -0.499349 0.500645 0.495759 0.50421


