SOLL: 0.205244 0.0920909 4.6379
QOLhat: -0.474766 0.522241 0.52319 0.477633
0.113214 0.00626405 -0.0436733 -0.470867 0.529198 0.5225 0.474582
0.225996 0.0131766 -0.0476763 -0.483519 0.516968 0.511436 0.487223
0.322858 0.00978481 -0.0244762 -0.50069 0.499236 0.495288 0.50474
0.465315 -0.0203017 0.00411111 -0.510434 0.488582 0.485411 0.5149
0.564749 0.0116689 0.0408354 -0.522101 0.475284 0.472761 0.52727
0.687827 0.00961766 0.0739972 -0.527874 0.468534 0.466123 0.533436
0.794129 0.0302611 0.115177 -0.533304 0.462194 0.459631 0.539169
0.883105 0.0125242 0.145723 -0.535749 0.459474 0.456635 0.54161
0.954059 -0.0323082 0.17249 -0.536582 0.45878 0.455627 0.542222
1.00169 -0.01189 0.172498 -0.535541 0.460487 0.457003 0.540644
1.05014 -0.0162824 0.181873 -0.533761 0.462875 0.459297 0.538417
1.05612 -0.00639381 0.165394 -0.529879 0.467723 0.464231 0.53381
1.0901 -0.0112116 0.155247 -0.526671 0.471532 0.468237 0.530122
1.07273 -0.0180627 0.122819 -0.521219 0.477737 0.474896 0.523996
1.06886 0.00482773 0.0990184 -0.517332 0.482001 0.479531 0.519705
1.02205 -0.00204763 0.0751024 -0.511422 0.488284 0.486411 0.513255
1.01928 -0.00884415 0.0548515 -0.507595 0.492248 0.490766 0.509105
1.00653 -0.00902653 0.0356673 -0.502274 0.497653 0.496702 0.503338
1.00547 -0.00642426 0.0259768 -0.499124 0.500809 0.500157 0.499909
0.924886 -0.0255813 0.00761033 -0.494856 0.505059 0.504781 0.495206
0.883789 0.00143217 -0.00200358 -0.492583 0.507328 0.507228 0.492647
0.874285 -0.000117827 -0.00915192 -0.491045 0.508878 0.508887 0.490869
0.824577 0.0176337 -0.0170623 -0.489566 0.510409 0.510509 0.489069
0.797301 0.0190985 -0.0282967 -0.489094 0.510934 0.511059 0.488418
0.788424 0.000826002 -0.0195095 -0.48906 0.511064 0.511191 0.488178
0.779089 0.00415738 -0.0121969 -0.489416 0.51077 0.510888 0.488445
0.781257 -0.00682966 -0.0135868 -0.49029 0.50997 0.510069 0.489261
0.765936 -0.00529989 -0.0124134 -0.491253 0.509048 0.509134 0.490228
0.762627 0.00158788 -0.00674036 -0.492635 0.507688 0.507767 0.491667
0.762894 0.00393853 -0.00570168 -0.494425 0.505885 0.505967 0.493581
0.778347 0.00793327 -0.000326523 -0.495268 0.505022 0.505111 0.494495
0.760266 -0.000669593 0.008155 -0.496784 0.503453 0.503556 0.496157
0.763125 -0.0116652 0.0112073 -0.498327 0.501835 0.501956 0.497867
0.769972 -0.0116683 0.0136199 -0.499258 0.50085 0.500981 0.498908
0.792247 -0.0262134 0.0260173 -0.500473 0.499555 0.499696 0.500275
0.792114 0.00160463 0.0226651 -0.501147 0.498832 0.498975 0.501041
0.819619 -0.00109433 0.0335968 -0.501945 0.497972 0.498111 0.501956
0.826071 -0.00835081 0.0308625 -0.502336 0.497551 0.497682 0.502409
0.824653 -0.00906987 0.0298897 -0.502717 0.497136 0.497252 0.502863
0.834383 -0.0121195 0.0368245 -0.502845 0.496996 0.497099 0.503026
0.844592 -0.00274572 -0.161279 -0.442274 0.552433 0.548886 0.444899
0.820041 -0.00625335 -0.192871 -0.431303 0.561678 0.556119 0.435003
0.849427 -0.0190466 -0.187935 -0.432737 0.56112 0.554043 0.436942
0.91573 -0.0187233 -0.178668 -0.44124 0.5545 0.547257 0.445362
0.966224 -0.0373011 -0.13556 -0.458715 0.539748 0.533247 0.462494
1.09814 -0.00878512 -0.0931429 -0.471364 0.528252 0.522659 0.474968
1.19566 -0.0136436 -0.00242087 -0.489667 0.510406 0.506317 0.493309
1.3349 -0.00717653 0.0576949 -0.500638 0.499004 0.495785 0.504533
1.58636 -0.00943234 0.239313 -0.523346 0.473738 0.471682 0.528392
1.68453 0.0104172 0.295473 -0.528674 0.467555 0.465479 0.534065
1.77345 0.00898833 0.361319 -0.533873 0.461582 0.459192 0.539504
1.86436 0.00292517 0.401319 -0.535626 0.459715 0.457019 0.541203
1.92159 0.00060617 0.411393 -0.535997 0.459718 0.456573 0.54121
1.98619 -0.0100361 0.423085 -0.534963 0.461255 0.457897 0.539804
2.01666 0.00174098 0.395867 -0.531953 0.465186 0.461723 0.536135
2.01911 0.00439286 0.3722 -0.529196 0.468568 0.465188 0.532913
2.05258 0.0106411 0.324991 -0.524239 0.474365 0.471306 0.527279
