SOLL: 1.89223 0.0914543 4.97499
QOLhat: -0.481676 0.519036 0.518918 0.478867
0 0 0 -0.481676 0.519036 0.518918 0.478867
-0.0121854 -0.00182732 -0.000342633 -0.490387 0.51071 0.510463 0.48798
-0.00452204 -0.00162541 -0.000385303 -0.492398 0.508614 0.508426 0.490265
0.000150821 -0.00146716 -0.000390473 -0.493388 0.507565 0.507414 0.491403
0.00529506 -0.00127477 -0.000384988 -0.494359 0.506526 0.506415 0.492529
0.0108447 -0.00105147 -0.000369449 -0.495306 0.505504 0.505435 0.493633
0.022903 -0.000525393 -0.000312167 -0.497108 0.503533 0.503552 0.495755
0.0292879 -0.00022929 -0.000272951 -0.497956 0.502596 0.502658 0.496762
0.0358311 8.44418e-05 -0.000228604 -0.498762 0.501697 0.501803 0.497725
0.0424768 0.000412574 -0.000180643 -0.499526 0.500842 0.500988 0.498641
0.0558666 0.00109966 -7.99112e-05 -0.500912 0.499274 0.499495 0.500318
0.062514 0.00145275 -2.99942e-05 -0.501532 0.498567 0.49882 0.501074
0.0690707 0.00180857 1.78968e-05 -0.502101 0.497914 0.498197 0.501773
0.0754968 0.00216461 6.26396e-05 -0.502619 0.497317 0.497625 0.502413
0.0878149 0.00286826 0.000138999 -0.503502 0.496292 0.496641 0.503515
0.0936445 0.0032118 0.000169203 -0.503867 0.495866 0.496228 0.503977
0.0992187 0.00354746 0.000193437 -0.504182 0.495495 0.495868 0.50438
0.109515 0.00418919 0.000223026 -0.504667 0.494919 0.495303 0.505016
0.110716 0.00426624 0.000224931 -0.504714 0.494862 0.495247 0.50508
0.117875 0.00644118 0.00947287 -0.452398 0.494389 0.54537 0.503475
0.125377 0.00424784 0.0123008 -0.437951 0.492559 0.558653 0.503479
0.133488 -2.2164e-05 0.0131557 -0.433263 0.491604 0.563091 0.503524
0.143524 -0.00660652 0.0131997 -0.432028 0.491053 0.564502 0.503544
0.155495 -0.015526 0.0126132 -0.433313 0.490834 0.563708 0.503542
0.18501 -0.0401363 0.0101478 -0.440854 0.49113 0.557653 0.503451
0.206906 -0.0597488 0.00811746 -0.447496 0.491617 0.552007 0.503337
0.221171 -0.0729151 0.00682167 -0.451866 0.491969 0.548196 0.503254
0.241356 -0.091937 0.00506841 -0.457963 0.492473 0.54277 0.503131
0.285041 -0.134248 0.00167021 -0.470552 0.493522 0.531191 0.502844
0.308161 -0.157117 9.68239e-05 -0.476838 0.494036 0.52523 0.502681
0.331877 -0.180845 -0.00136379 -0.483013 0.494531 0.51926 0.502501
0.356 -0.205224 -0.00270117 -0.489013 0.495002 0.51335 0.502306
0.404734 -0.255121 -0.00499792 -0.500296 0.495864 0.501949 0.501866
0.428995 -0.280252 -0.00596552 -0.505501 0.496255 0.496562 0.501624
0.4589 -0.311474 -0.00702229 -0.511537 0.496707 0.490211 0.501303
0.47067 -0.323836 -0.00740176 -0.513797 0.496878 0.487805 0.501171
0.510687 -0.366172 -0.00856136 -0.520971 0.497432 0.480057 0.500695
0.537879 -0.395219 -0.0092532 -0.525373 0.497793 0.47522 0.500351
0.578403 -0.438958 -0.0101754 -0.531138 0.498322 0.46878 0.499813
0.597105 -0.459347 -0.0105668 -0.533432 0.498568 0.46618 0.499557
0.614675 -0.478633 -0.0109184 -0.53534 0.498803 0.463995 0.499314
0.631058 -0.49675 -0.0112331 -0.536872 0.499029 0.462224 0.499087
0.660111 -0.529261 -0.0117553 -0.538852 0.499449 0.459888 0.49869
0.672735 -0.543582 -0.0119615 -0.53933 0.499645 0.459295 0.498524
0.684076 -0.556585 -0.0121283 -0.539489 0.499829 0.459063 0.498381
0.694137 -0.568262 -0.0122533 -0.539348 0.500002 0.45917 0.498262
0.710482 -0.587659 -0.0123671 -0.538262 0.500304 0.460293 0.498097
0.721967 -0.601914 -0.0122859 -0.536275 0.500545 0.462427 0.498022
0.72598 -0.607192 -0.0121682 -0.535003 0.500642 0.463801 0.498014
0.729464 -0.612139 -0.0119465 -0.533195 0.500742 0.465756 0.498028
0.731664 -0.616159 -0.0114963 -0.530323 0.500846 0.468851 0.498086
0.731621 -0.617035 -0.0111671 -0.528536 0.500887 0.470769 0.498135
0.728436 -0.615597 -0.0102467 -0.524229 0.500935 0.475356 0.498282
0.724219 -0.612305 -0.00950926 -0.521211 0.500935 0.478541 0.498399
0.716429 -0.605469 -0.00840162 -0.517114 0.500898 0.482826 0.498571
0.706644 -0.596342 -0.00719203 -0.513043 0.500828 0.487041 0.498749
0.701166 -0.591092 -0.00656412 -0.511051 0.500782 0.489086 0.498837
0.689348 -0.57955 -0.00529334 -0.507219 0.500674 0.492996 0.499008
0.675171 -0.565436 -0.0038908 -0.503236 0.500535 0.497025 0.499184
0.670341 -0.560576 -0.0034403 -0.502001 0.500487 0.498266 0.499238
0.663879 -0.554042 -0.00285877 -0.500437 0.500422 0.499835 0.499306
0.657435 -0.54749 -0.00230319 -0.49897 0.500357 0.5013 0.499369
0.644774 -0.534526 -0.00128494 -0.496349 0.50023 0.50391 0.499483
0.638634 -0.528199 -0.000828266 -0.495201 0.500169 0.505049 0.499532
0.632668 -0.522026 -0.000409551 -0.494162 0.500111 0.506077 0.499578
0.626906 -0.516041 -3.02588e-05 -0.493235 0.500056 0.506994 0.49962
0.6161 -0.504751 0.000607089 -0.49171 0.499957 0.5085 0.499692
0.611099 -0.499496 0.000865015 -0.49111 0.499913 0.509092 0.499723
0.606391 -0.494527 0.00108317 -0.490614 0.499873 0.509582 0.499752
0.601988 -0.48986 0.00126265 -0.490219 0.499837 0.509971 0.499778
0.594143 -0.481484 0.00151169 -0.489715 0.499776 0.510469 0.499824
0.589907 -0.476918 0.00159839 -0.489581 0.499747 0.510601 0.49985
0.584851 -0.47141 0.00164038 -0.489605 0.499714 0.51058 0.499882
0.579832 -0.465834 0.00157762 -0.489951 0.499686 0.510239 0.499918
0.577744 -0.463451 0.00149578 -0.490274 0.499677 0.509919 0.499936
0.57642 -0.4619 0.00141038 -0.49059 0.499673 0.509607 0.499949
0.575393 -0.460655 0.00130985 -0.49095 0.499671 0.509249 0.499962
0.574179 -0.459032 0.00107238 -0.491783 0.499672 0.508421 0.499986
0.573996 -0.458478 0.000799935 -0.492729 0.499679 0.507475 0.500008
0.574253 -0.458565 0.000655157 -0.493233 0.499685 0.50697 0.500018
0.574722 -0.458874 0.000506819 -0.493751 0.499692 0.50645 0.500027
0.575386 -0.459388 0.000356353 -0.494279 0.499699 0.505919 0.500035
0.577229 -0.460964 5.40638e-05 -0.495347 0.499717 0.504842 0.500049
0.578375 -0.461992 -9.55871e-05 -0.495879 0.499727 0.504303 0.500055
0.581392 -0.464781 -0.000422992 -0.497051 0.499751 0.503114 0.500066
0.583667 -0.466931 -0.000631035 -0.497798 0.499768 0.502352 0.500071
0.585269 -0.468462 -0.000764118 -0.498276 0.49978 0.501864 0.500073
0.58861 -0.471689 -0.00101507 -0.499174 0.499804 0.500945 0.500075
0.590321 -0.473356 -0.00113238 -0.49959 0.499817 0.500518 0.500075
0.59247 -0.475462 -0.00127098 -0.500076 0.499832 0.500017 0.500075
0.595035 -0.47799 -0.00142519 -0.500607 0.49985 0.499469 0.500073
0.59796 -0.480891 -0.00158822 -0.501152 0.499871 0.498906 0.500069
0.599579 -0.482507 -0.00167321 -0.501425 0.499883 0.498622 0.500066
0.60101 -0.483946 0.00526143 -0.460677 0.500551 0.537369 0.498458
0.607538 -0.490268 0.0104597 -0.432983 0.497778 0.562613 0.498206
0.622662 -0.505377 0.0107858 -0.429034 0.496525 0.566764 0.498168
0.646461 -0.529405 0.00871923 -0.434749 0.496411 0.562541 0.498115
0.66548 -0.548669 0.00676008 -0.440952 0.496668 0.557492 0.498081
0.696854 -0.580461 0.00367268 -0.451302 0.497201 0.548687 0.498057
0.71695 -0.600813 0.00187701 -0.457668 0.497528 0.543083 0.498063
0.76096 -0.645317 -0.00152986 -0.470706 0.498135 0.531204 0.498116
0.814854 -0.699686 -0.0048229 -0.485078 0.498663 0.517512 0.498212
0.852267 -0.737343 -0.00663403 -0.494121 0.498909 0.508579 0.498279
0.933937 -0.819322 -0.00955132 -0.511431 0.49918 0.490779 0.498391
0.952419 -0.837834 -0.0100564 -0.5149 0.499202 0.487097 0.498409
1.00018 -0.885606 -0.0111645 -0.523085 0.499212 0.47825 0.498444
1.02297 -0.908375 -0.0116116 -0.526578 0.499199 0.474402 0.498457
1.04489 -0.930245 -0.0120018 -0.529666 0.499179 0.47096 0.498469
1.09984 -0.984983 -0.0128477 -0.536081 0.499122 0.463665 0.498508
1.14585 -1.03066 -0.0134331 -0.539577 0.499094 0.459544 0.49858
1.16018 -1.04485 -0.0135863 -0.540175 0.499095 0.458797 0.498618
1.17318 -1.0577 -0.0137054 -0.540441 0.499103 0.458424 0.498664
1.18486 -1.06922 -0.0137879 -0.540394 0.499117 0.458406 0.498719
1.20428 -1.08828 -0.013832 -0.539452 0.499157 0.45933 0.498849
1.21856 -1.10218 -0.0136995 -0.537555 0.499207 0.461328 0.499003
1.22386 -1.10728 -0.0135618 -0.536311 0.499233 0.462655 0.499086
1.23098 -1.114 -0.0131362 -0.533345 0.499282 0.465831 0.499261
1.2329 -1.11572 -0.0128469 -0.531661 0.499305 0.467633 0.499351
1.2338 -1.11643 -0.0125071 -0.529867 0.499327 0.469547 0.499439
1.2328 -1.11505 -0.0116819 -0.52602 0.499365 0.47363 0.499612
1.23102 -1.11309 -0.0112017 -0.524 0.499382 0.475761 0.499693
1.22848 -1.11038 -0.0106813 -0.521938 0.499397 0.477926 0.499771
1.22432 -1.10603 -0.00998112 -0.519326 0.499413 0.480652 0.49986
1.21693 -1.0984 -0.00892666 -0.515661 0.499433 0.484451 0.499968
1.212 -1.09336 -0.00829586 -0.513589 0.499443 0.486584 0.50002
1.20664 -1.08792 -0.0076522 -0.51155 0.499452 0.488672 0.500064
1.20092 -1.08213 -0.00700195 -0.509557 0.49946 0.490704 0.500101
1.19336 -1.07451 -0.00618939 -0.507148 0.49947 0.493148 0.500135
1.18059 -1.06171 -0.00491755 -0.503532 0.499488 0.496793 0.500164
1.17401 -1.05516 -0.00430654 -0.501852 0.499497 0.498477 0.500168
1.16739 -1.04857 -0.00371884 -0.500267 0.499508 0.50006 0.500164
1.16075 -1.042 -0.00315883 -0.498783 0.49952 0.501538 0.500154
1.15417 -1.0355 -0.00263032 -0.497405 0.499534 0.502907 0.500139
1.13356 -1.01529 -0.0011645 -0.493689 0.499589 0.506581 0.500057
1.12187 -1.00393 -0.000472602 -0.491994 0.499632 0.50825 0.499992
1.1164 -0.998637 -0.000188669 -0.491314 0.499656 0.508918 0.499957
1.10632 -0.98894 0.000257509 -0.490276 0.499706 0.509938 0.499886
1.09851 -0.981492 0.000521084 -0.489703 0.499752 0.510502 0.499826
1.09084 -0.974229 0.00069015 -0.489397 0.499806 0.510802 0.499765
1.08751 -0.971107 0.000727051 -0.489373 0.499833 0.510827 0.499737
1.08188 -0.965877 0.000717973 -0.489552 0.499885 0.51065 0.49969
1.07905 -0.963284 0.000663732 -0.4898 0.499916 0.510405 0.499667
1.0776 -0.961971 0.000615887 -0.489993 0.499933 0.510214 0.499655
1.07559 -0.960174 0.000514109 -0.490381 0.49996 0.509829 0.49964
1.07383 -0.95864 0.000361479 -0.490941 0.49999 0.509273 0.499628
1.07319 -0.958116 0.00027496 -0.491254 0.500003 0.508962 0.499624
1.07249 -0.95758 0.000118773 -0.491816 0.500023 0.508402 0.499622
1.07221 -0.957443 -4.90636e-05 -0.49242 0.50004 0.507798 0.499624
1.07224 -0.95754 -0.000153879 -0.492799 0.500049 0.507418 0.499627
1.07293 -0.958393 -0.00044252 -0.493852 0.500068 0.506361 0.499641
1.07358 -0.959114 -0.000589128 -0.494392 0.500074 0.505817 0.499651
1.07443 -0.960007 -0.000735576 -0.494937 0.500079 0.505268 0.499663
1.07791 -0.963551 -0.0011638 -0.496556 0.500085 0.503628 0.499706
1.07933 -0.964964 -0.0013001 -0.497079 0.500084 0.503096 0.499723
1.08084 -0.966465 -0.00143211 -0.497589 0.500082 0.502577 0.49974
1.08539 -0.970916 -0.00176939 -0.4989 0.500071 0.501235 0.499791
1.08891 -0.974319 -0.00198824 -0.499753 0.500059 0.50036 0.499828
1.09069 -0.976034 -0.0020888 -0.500143 0.500052 0.499958 0.499847
1.09247 -0.97774 -0.00218333 -0.500506 0.500045 0.499582 0.499865
1.09424 -0.979428 -0.00227183 -0.500843 0.500038 0.499234 0.499883
1.09598 -0.981087 -0.00235429 -0.501153 0.500031 0.498913 0.499901
1.09935 -0.984278 -0.00250135 -0.501688 0.500016 0.498356 0.499935
1.10096 -0.985795 -0.00256613 -0.501914 0.500008 0.49812 0.499951
1.10108 -0.985836 0.00286894 -0.469796 0.5009 0.528908 0.498645
1.10344 -0.987929 0.0080463 -0.441748 0.499123 0.554607 0.498143
1.11243 -0.996593 0.0101746 -0.430173 0.497221 0.565291 0.498165
1.12054 -1.00459 0.0101478 -0.429061 0.496674 0.566623 0.498157
1.13374 -1.01773 0.00924176 -0.43118 0.496403 0.565261 0.498144
1.14326 -1.02726 0.00835029 -0.433812 0.496411 0.563246 0.498134
1.17411 -1.05827 0.0052236 -0.443824 0.496803 0.555062 0.498109
1.19225 -1.07652 0.00346092 -0.449787 0.497101 0.549974 0.498108
1.21196 -1.09637 0.00167546 -0.456076 0.497416 0.544471 0.49812
1.23852 -1.1231 -0.000501628 -0.464165 0.497799 0.537204 0.498154
1.2786 -1.16341 -0.00331278 -0.475533 0.498271 0.526651 0.498229
1.3149 -1.19985 -0.00542098 -0.485016 0.498592 0.51755 0.498305
1.33349 -1.2185 -0.00635954 -0.489595 0.498721 0.513058 0.498343
1.35855 -1.24362 -0.00749025 -0.495485 0.498861 0.507187 0.49839
1.4089 -1.29402 -0.0093595 -0.506375 0.499042 0.496053 0.49847
1.42763 -1.31275 -0.00993803 -0.510113 0.499081 0.492146 0.498494
1.45229 -1.33739 -0.0106186 -0.514776 0.499112 0.487207 0.49852
1.49999 -1.38499 -0.0117171 -0.522949 0.499122 0.478376 0.498556
1.52276 -1.40769 -0.0121596 -0.526438 0.49911 0.474533 0.498568
1.54997 -1.43479 -0.0126341 -0.530231 0.499088 0.470302 0.498581
1.56043 -1.4452 -0.012803 -0.531571 0.499078 0.468791 0.498586
1.58055 -1.46521 -0.0131098 -0.533952 0.499059 0.466087 0.498597
1.61735 -1.50177 -0.0136161 -0.537535 0.499031 0.461947 0.498628
1.63391 -1.5182 -0.0138209 -0.538759 0.499025 0.460501 0.49865
1.6492 -1.53335 -0.0139944 -0.539621 0.499026 0.459457 0.498679
1.67585 -1.55969 -0.0142422 -0.54033 0.499048 0.458514 0.498757
1.68982 -1.57346 -0.014323 -0.540139 0.499074 0.458642 0.498821
1.69721 -1.58074 -0.0143413 -0.539813 0.499092 0.458958 0.498865
1.70594 -1.58929 -0.0143286 -0.539153 0.49912 0.459633 0.49893
1.71338 -1.59657 -0.0142714 -0.538262 0.49915 0.460568 0.499
1.72459 -1.60742 -0.0140154 -0.535885 0.49921 0.463101 0.499153
1.72842 -1.61109 -0.0138134 -0.534444 0.49924 0.464644 0.499235
1.7325 -1.61486 -0.0133379 -0.531593 0.499289 0.467695 0.499381
1.73348 -1.61564 -0.0129038 -0.529345 0.499321 0.470093 0.499485
